           1           1   4.0727081390119357     
           1           2   12.382663138936131     
           1           3   20.144724137534020     
           1           4  -42.674667851486142     
           1           5  -5.2046056616213070     
           1           6  -3.9909526253689981E-012
           1           7   3.8116627490048689E-012
           1           8  -4.1473027729669529E-013
           1           9   3.0223734337380091E-013
           1          10  -1.3234046462556628E-013
           1          11   5.9914680720803651E-014
           1          12  -5.9552230037460605E-014
           1          13  -1.6637246812959045E-013
           1          14  -1.7236459477729057E-014
           1          15   1.5568727205820996E-013
           1          16  -1.6386945490408999E-014
           1          17   3.9310940913528336E-014
           1          18   4.4736454542717405     
           1          19  -1.0498341724212371E-013
           1          20   4.4736454542720212     
           1          21  -7.6472432611718673E-014
           1          22   5.2008900554916384E-014
           1          23   4.4736454542712991     
           1          24   8.5438481923353145     
           1          25   1.1769378631344391E-013
           1          26   8.5438481923355010     
           1          27   3.5793863188184022E-015
           1          28  -1.5485936453682431E-014
           1          29   8.5438481923345897     
           2           1   12.382663138936131     
           2           2   76.437150113657736     
           2           3   123.86458814525824     
           2           4  -255.01318568386952     
           2           5  -30.977208426366712     
           2           6   1.5739623065420417E-013
           2           7   3.4144790081603378E-014
           2           8   5.2862065914323251E-013
           2           9   3.5680896616534451E-014
           2          10   9.3812013346666221E-013
           2          11   2.0916013923685433E-013
           2          12   3.7021465915988653E-014
           2          13  -1.2629213989938600E-012
           2          14  -1.1464835943544230E-013
           2          15  -2.3927924465022041E-015
           2          16   6.4838552473539880E-013
           2          17   9.7438379778713548E-014
           2          18   25.582650308298682     
           2          19  -6.8207380383039979E-013
           2          20   25.582650308299357     
           2          21  -3.9008430919537347E-013
           2          22   2.2636095251109183E-013
           2          23   25.582650308299211     
           2          24   50.633920956020923     
           2          25   6.3979751891775120E-013
           2          26   50.633920956021406     
           2          27   8.3450681241714123E-014
           2          28  -9.2349964088967316E-014
           2          29   50.633920956019921     
           3           1   20.144724137534020     
           3           2   123.86458814525824     
           3           3   221.89606825377379     
           3           4  -414.29284696333076     
           3           5  -50.086028824526906     
           3           6   2.4061837341159917E-013
           3           7  -1.9142789407668931E-013
           3           8   5.5211262663833203E-013
           3           9  -9.5740443029295089E-013
           3          10   1.3869688516096228E-012
           3          11   2.3779238443445785E-013
           3          12   1.2052366702946791E-012
           3          13  -1.9587072434114978E-012
           3          14  -2.6672539850845132E-013
           3          15  -3.7999311644398293E-013
           3          16   1.1659728651318494E-012
           3          17   2.7814452199866951E-013
           3          18   34.614706348482180     
           3          19  -1.0353444945776009E-012
           3          20   34.614706348483004     
           3          21  -5.0756547372272352E-013
           3          22   3.7775456994946141E-013
           3          23   34.614706348483708     
           3          24   80.272549699109035     
           3          25   1.0206170537887859E-012
           3          26   80.272549699110229     
           3          27   1.0877451466020320E-013
           3          28  -1.6825983188761866E-013
           3          29   80.272549699108595     
           4           1  -42.674667851486142     
           4           2  -255.01318568386952     
           4           3  -414.29284696333076     
           4           4   877.85448414183861     
           4           5   106.53285625192692     
           4           6  -7.7831085336972240E-013
           4           7   2.8906612149419903E-013
           4           8  -1.3819177427707908E-012
           4           9  -2.9154173325082154E-013
           4          10  -3.8014933932670222E-012
           4          11  -1.2719062639642038E-012
           4          12   2.8311157217787855E-014
           4          13   4.8761505028846489E-012
           4          14   7.8437495504061706E-013
           4          15  -4.3267804012111816E-014
           4          16  -2.5331001634097596E-012
           4          17  -5.2963325042646199E-013
           4          18  -91.757604686892634     
           4          19   2.2578199480549851E-012
           4          20  -91.757604686897992     
           4          21   1.3677492684668767E-012
           4          22  -1.0828566947631266E-012
           4          23  -91.757604686899100     
           4          24  -175.12271040184200     
           4          25  -2.2667202111935385E-012
           4          26  -175.12271040184544     
           4          27  -2.0931646018772581E-013
           4          28   3.6742875281791477E-013
           4          29  -175.12271040184146     
           5           1  -5.2046056616213070     
           5           2  -30.977208426366712     
           5           3  -50.086028824526906     
           5           4   106.53285625192692     
           5           5   12.931738749696761     
           5           6  -1.6503908948690767E-013
           5           7   2.0142935508203621E-013
           5           8  -1.0396392588577196E-013
           5           9  -3.8630721550770626E-013
           5          10   2.0409032879275228E-013
           5          11   7.4680336753520937E-013
           5          12   2.3873733995593395E-013
           5          13   1.5268006064537286E-013
           5          14  -5.1058132444469553E-013
           5          15  -3.3278915727506653E-014
           5          16  -2.5983541489175367E-013
           5          17  -1.0738356548917495E-016
           5          18  -11.200904686801749     
           5          19   2.7504308651143377E-013
           5          20  -11.200904686802390     
           5          21   1.6744116544037644E-013
           5          22  -1.3029867610276954E-013
           5          23  -11.200904686802499     
           5          24  -21.272060141236260     
           5          25  -2.7517799030700625E-013
           5          26  -21.272060141236661     
           5          27  -2.5868810483217799E-014
           5          28   4.4193281243038738E-014
           5          29  -21.272060141236160     
           6           1  -3.9909526253689981E-012
           6           2   1.5739623065420417E-013
           6           3   2.4061837341159917E-013
           6           4  -7.7831085336972240E-013
           6           5  -1.6503908948690767E-013
           6           6   1.8964623417318514     
           6           7  -1.7519078343716799E-002
           6           8  -3.0697814737606868E-002
           6           9 -0.45949568298504107     
           6          10 -0.12657667092952829     
           6          11 -0.22179404179047274     
           6          12  0.36706586280051923     
           6          13   8.4538959551835796E-002
           6          14  0.14813343872982021     
           6          15  -5.6976337451005818E-002
           6          16  -8.6533928507314846E-003
           6          17  -1.5162912418771310E-002
           6          18  -1.7480015729190879E-013
           6          19  -2.6746423889071200E-015
           6          20  -3.3304521531417441E-013
           6          21  -3.1361895251533442E-015
           6          22   2.0339242141780272E-015
           6          23   1.3786937814455012E-012
           6          24  -3.0216452524355545E-013
           6          25   1.0844454474768542E-014
           6          26  -4.0773848848812659E-013
           6          27  -3.8338024822380296E-015
           6          28  -8.1221179828507602E-015
           6          29   8.4694131186840688E-013
           7           1   3.8116627490048689E-012
           7           2   3.4144790081603378E-014
           7           3  -1.9142789407668931E-013
           7           4   2.8906612149419903E-013
           7           5   2.0142935508203621E-013
           7           6  -1.7519078343716799E-002
           7           7   2.0035546045308696     
           7           8  -4.8941690228820681E-003
           7           9 -0.12657667092953309     
           7          10  0.31425404525163309     
           7          11  -3.5360742713084758E-002
           7          12   8.4538959551836670E-002
           7          13 -0.14971180640407894     
           7          14   2.3616993368468175E-002
           7          15  -8.6533928507252066E-003
           7          16  -4.0790672241726583E-003
           7          17  -2.4174312370785975E-003
           7          18  -1.0653781036466785E-013
           7          19   1.0554877843703302E-014
           7          20  -8.5344594969209969E-014
           7          21  -7.1813657892542607E-015
           7          22   4.4181775767209387E-015
           7          23  -3.0398182513453653E-013
           7          24   2.2284724059002513E-014
           7          25   2.0062047199279254E-015
           7          26   4.5561195158832419E-014
           7          27  -7.0699733221896430E-015
           7          28   4.8127882907209930E-015
           7          29  -1.0415838077126082E-013
           8           1  -4.1473027729669529E-013
           8           2   5.2862065914323251E-013
           8           3   5.5211262663833203E-013
           8           4  -1.3819177427707908E-012
           8           5  -1.0396392588577196E-013
           8           6  -3.0697814737606868E-002
           8           7  -4.8941690228820681E-003
           8           8   1.9977718701787011     
           8           9 -0.22179404179048975     
           8          10  -3.5360742713073046E-002
           8          11  0.27247335058226352     
           8          12  0.14813343872983414     
           8          13   2.3616993368441863E-002
           8          14 -0.12180700822317808     
           8          15  -1.5162912418774842E-002
           8          16  -2.4174312370679567E-003
           8          17  -6.9353973985621098E-003
           8          18   2.7851340113925746E-013
           8          19  -5.4215401667253241E-015
           8          20   2.1661761921301044E-013
           8          21   1.0859436292802628E-014
           8          22   2.3553963373159961E-015
           8          23   2.3347510158301486E-013
           8          24   2.0413333343575173E-013
           8          25  -4.6497737942457905E-015
           8          26   1.8090347159244260E-013
           8          27   2.9401269018097314E-015
           8          28  -6.8482281253634897E-016
           8          29   1.8285997060385491E-013
           9           1   3.0223734337380091E-013
           9           2   3.5680896616534451E-014
           9           3  -9.5740443029295089E-013
           9           4  -2.9154173325082154E-013
           9           5  -3.8630721550770626E-013
           9           6 -0.45949568298504107     
           9           7 -0.12657667092953309     
           9           8 -0.22179404179048975     
           9           9  0.74910187962482855     
           9          10 -0.91452605606655579     
           9          11  -1.6024787886120584     
           9          12 -0.51760539344292023     
           9          13  0.61080040022502691     
           9          14   1.0702753398259945     
           9          15   5.8557141771927654E-002
           9          16  -6.2521420236852004E-002
           9          17 -0.10955319326206076     
           9          18   4.2675209175459350E-013
           9          19   1.8013401779229655E-014
           9          20   5.3629562052869645E-013
           9          21  -9.6996143212068513E-016
           9          22  -3.5892316555473455E-015
           9          23   2.2719405066844858E-014
           9          24   4.7002354484049423E-013
           9          25  -9.7434712513528613E-015
           9          26   4.6146934573848714E-013
           9          27   1.0426919902569024E-014
           9          28   3.3915719209709470E-016
           9          29   1.0593340946432230E-013
          10           1  -1.3234046462556628E-013
          10           2   9.3812013346666221E-013
          10           3   1.3869688516096228E-012
          10           4  -3.8014933932670222E-012
          10           5   2.0409032879275228E-013
          10           6 -0.12657667092952829     
          10           7  0.31425404525163309     
          10           8  -3.5360742713073046E-002
          10           9 -0.91452605606655579     
          10          10   6.3395024024887014     
          10          11 -0.25548405038221222     
          10          12  0.61080040022506377     
          10          13  -4.2513632827150500     
          10          14  0.17063456988396197     
          10          15  -6.2521420236869962E-002
          10          16  0.44074393466178319     
          10          17  -1.7466124198222382E-002
          10          18   7.1736694789758603E-013
          10          19   6.4042711920166508E-014
          10          20   5.4734224523057146E-013
          10          21  -4.8612802200000664E-014
          10          22  -4.1400443981787834E-014
          10          23   4.6524085284992734E-013
          10          24   4.0277801115072568E-013
          10          25   2.1356141206126316E-014
          10          26   5.2805918814529075E-013
          10          27  -1.2932699547817723E-014
          10          28   4.8050944952613758E-014
          10          29   5.3912745813964563E-013
          11           1   5.9914680720803651E-014
          11           2   2.0916013923685433E-013
          11           3   2.3779238443445785E-013
          11           4  -1.2719062639642038E-012
          11           5   7.4680336753520937E-013
          11           6 -0.22179404179047274     
          11           7  -3.5360742713084758E-002
          11           8  0.27247335058226352     
          11           9  -1.6024787886120584     
          11          10 -0.25548405038221222     
          11          11   6.0376337118752836     
          11          12   1.0702753398259979     
          11          13  0.17063456988391712     
          11          14  -4.0497489975681855     
          11          15 -0.10955319326207906     
          11          16  -1.7466124198205812E-002
          11          17  0.42010673232402357     
          11          18   2.9833029144001794E-013
          11          19  -9.8451378457438721E-014
          11          20   1.8030782177758428E-013
          11          21   3.2498084498922676E-014
          11          22   3.2981813078720471E-014
          11          23   3.3602161272051567E-013
          11          24  -1.5538625130908896E-013
          11          25   1.2543145931949190E-014
          11          26  -8.4821686177299882E-014
          11          27  -2.5685768068035966E-014
          11          28  -2.0875209081200860E-014
          11          29  -8.4927911335152214E-014
          12           1  -5.9552230037460605E-014
          12           2   3.7021465915988653E-014
          12           3   1.2052366702946791E-012
          12           4   2.8311157217787855E-014
          12           5   2.3873733995593395E-013
          12           6  0.36706586280051923     
          12           7   8.4538959551836670E-002
          12           8  0.14813343872983414     
          12           9 -0.51760539344292023     
          12          10  0.61080040022506377     
          12          11   1.0702753398259979     
          12          12  0.35917052728725146     
          12          13 -0.40794587146013966     
          12          14 -0.71482337936702645     
          12          15  -4.1107585601246027E-002
          12          16   4.1757266783144835E-002
          12          17   7.3169193864418627E-002
          12          18  -4.3773296178257515E-013
          12          19  -1.2189577350266873E-014
          12          20  -5.1621934359231831E-013
          12          21   5.5566439966439336E-016
          12          22   2.4748957876917086E-015
          12          23  -1.1847505035332652E-013
          12          24  -3.3828511588591295E-013
          12          25   6.8818711634634107E-015
          12          26  -3.3577668305496985E-013
          12          27  -7.1260125454973416E-015
          12          28  -4.7731172036579554E-016
          12          29  -5.8288903860701066E-014
          13           1  -1.6637246812959045E-013
          13           2  -1.2629213989938600E-012
          13           3  -1.9587072434114978E-012
          13           4   4.8761505028846489E-012
          13           5   1.5268006064537286E-013
          13           6   8.4538959551835796E-002
          13           7 -0.14971180640407894     
          13           8   2.3616993368441863E-002
          13           9  0.61080040022502691     
          13          10  -4.2513632827150500     
          13          11  0.17063456988391712     
          13          12 -0.40794587146013966     
          13          13   2.8529002553604998     
          13          14 -0.11396467370827401     
          13          15   4.1757266783154487E-002
          13          16 -0.29636531665145116     
          13          17   1.1665403713633310E-002
          13          18  -7.5107179296065682E-013
          13          19  -4.2721406221005522E-014
          13          20  -6.3614134458910720E-013
          13          21   3.2453968597324671E-014
          13          22   2.7962389286000196E-014
          13          23  -5.8767023913951842E-013
          13          24  -7.4058254703351173E-013
          13          25  -1.4292650944446437E-014
          13          26  -8.2407400389942991E-013
          13          27   8.4754888849972195E-015
          13          28  -3.2149039967242257E-014
          13          29  -8.3610983422562944E-013
          14           1  -1.7236459477729057E-014
          14           2  -1.1464835943544230E-013
          14           3  -2.6672539850845132E-013
          14           4   7.8437495504061706E-013
          14           5  -5.1058132444469553E-013
          14           6  0.14813343872982021     
          14           7   2.3616993368468175E-002
          14           8 -0.12180700822317808     
          14           9   1.0702753398259945     
          14          10  0.17063456988396197     
          14          11  -4.0497489975681855     
          14          12 -0.71482337936702645     
          14          13 -0.11396467370827401     
          14          14   2.7182446211750495     
          14          15   7.3169193864430659E-002
          14          16   1.1665403713625372E-002
          14          17 -0.28258198990662131     
          14          18  -1.4270413890244020E-013
          14          19   6.6006322309716050E-014
          14          20  -6.5277150220631972E-014
          14          21  -2.1509760542523598E-014
          14          22  -2.2095969104900352E-014
          14          23  -1.6942054300950696E-013
          14          24   1.3002173472114629E-013
          14          25  -8.5734559103424313E-015
          14          26   8.1879549851278887E-014
          14          27   1.7354605278682025E-014
          14          28   1.4009965781755244E-014
          14          29   8.2011012844167972E-014
          15           1   1.5568727205820996E-013
          15           2  -2.3927924465022041E-015
          15           3  -3.7999311644398293E-013
          15           4  -4.3267804012111816E-014
          15           5  -3.3278915727506653E-014
          15           6  -5.6976337451005818E-002
          15           7  -8.6533928507252066E-003
          15           8  -1.5162912418774842E-002
          15           9   5.8557141771927654E-002
          15          10  -6.2521420236869962E-002
          15          11 -0.10955319326207906     
          15          12  -4.1107585601246027E-002
          15          13   4.1757266783154487E-002
          15          14   7.3169193864430659E-002
          15          15   4.8520326502612624E-003
          15          16  -4.2742663946029923E-003
          15          17  -7.4895856589222492E-003
          15          18   1.4483219227931347E-013
          15          19   1.2988816234805813E-015
          15          20   1.5458267713226724E-013
          15          21  -2.7160108813005543E-017
          15          22  -2.7838245151845814E-016
          15          23   9.6220664533213098E-014
          15          24   7.5340781765413121E-014
          15          25  -8.2513145089772745E-016
          15          26   7.6117424147168784E-014
          15          27   7.8165644940150998E-016
          15          28   1.2972685775911750E-016
          15          29   3.4806027617390004E-014
          16           1  -1.6386945490408999E-014
          16           2   6.4838552473539880E-013
          16           3   1.1659728651318494E-012
          16           4  -2.5331001634097596E-012
          16           5  -2.5983541489175367E-013
          16           6  -8.6533928507314846E-003
          16           7  -4.0790672241726583E-003
          16           8  -2.4174312370679567E-003
          16           9  -6.2521420236852004E-002
          16          10  0.44074393466178319     
          16          11  -1.7466124198205812E-002
          16          12   4.1757266783144835E-002
          16          13 -0.29636531665145116     
          16          14   1.1665403713625372E-002
          16          15  -4.2742663946029923E-003
          16          16   3.0980168561461761E-002
          16          17  -1.1940686475380609E-003
          16          18   2.8490301307667984E-013
          16          19   4.3562162562984141E-015
          16          20   2.7269599138736139E-013
          16          21  -3.3174977836274715E-015
          16          22  -2.9626877519204701E-015
          16          23   2.6978639760622150E-013
          16          24   4.7534865614679278E-013
          16          25   1.4723940497883765E-015
          16          26   4.8383605667885915E-013
          16          27  -8.1528037045827872E-016
          16          28   3.3089631610998510E-015
          16          29   4.8656535096637633E-013
          17           1   3.9310940913528336E-014
          17           2   9.7438379778713548E-014
          17           3   2.7814452199866951E-013
          17           4  -5.2963325042646199E-013
          17           5  -1.0738356548917495E-016
          17           6  -1.5162912418771310E-002
          17           7  -2.4174312370785975E-003
          17           8  -6.9353973985621098E-003
          17           9 -0.10955319326206076     
          17          10  -1.7466124198222382E-002
          17          11  0.42010673232402357     
          17          12   7.3169193864418627E-002
          17          13   1.1665403713633310E-002
          17          14 -0.28258198990662131     
          17          15  -7.4895856589222492E-003
          17          16  -1.1940686475380609E-003
          17          17   2.9569309689466063E-002
          17          18   4.5757918340039561E-014
          17          19  -6.8376185767189629E-015
          17          20   3.8283531727767955E-014
          17          21   2.1387600276524959E-015
          17          22   2.2836124547553166E-015
          17          23   4.8990102652852666E-014
          17          24   7.1201901627314631E-014
          17          25   9.4079372838017409E-016
          17          26   7.6456374589028901E-014
          17          27  -1.8407134381940099E-015
          17          28  -1.4558804690371535E-015
          17          29   7.6423404223438386E-014
          18           1   4.4736454542717405     
          18           2   25.582650308298682     
          18           3   34.614706348482180     
          18           4  -91.757604686892634     
          18           5  -11.200904686801749     
          18           6  -1.7480015729190879E-013
          18           7  -1.0653781036466785E-013
          18           8   2.7851340113925746E-013
          18           9   4.2675209175459350E-013
          18          10   7.1736694789758603E-013
          18          11   2.9833029144001794E-013
          18          12  -4.3773296178257515E-013
          18          13  -7.5107179296065682E-013
          18          14  -1.4270413890244020E-013
          18          15   1.4483219227931347E-013
          18          16   2.8490301307667984E-013
          18          17   4.5757918340039561E-014
          18          18   12.457483122330844     
          18          19  -2.4727678544891641E-013
          18          20   12.457483122331931     
          18          21  -1.8898246585508970E-013
          18          22   1.5391034314216030E-013
          18          23   12.457483122331961     
          18          24   19.090687763399526     
          18          25   2.5262561345603706E-013
          18          26   19.090687763400002     
          18          27   1.9499132628790704E-014
          18          28  -3.9463134703822041E-014
          18          29   19.090687763399494     
          19           1  -1.0498341724212371E-013
          19           2  -6.8207380383039979E-013
          19           3  -1.0353444945776009E-012
          19           4   2.2578199480549851E-012
          19           5   2.7504308651143377E-013
          19           6  -2.6746423889071200E-015
          19           7   1.0554877843703302E-014
          19           8  -5.4215401667253241E-015
          19           9   1.8013401779229655E-014
          19          10   6.4042711920166508E-014
          19          11  -9.8451378457438721E-014
          19          12  -1.2189577350266873E-014
          19          13  -4.2721406221005522E-014
          19          14   6.6006322309716050E-014
          19          15   1.2988816234805813E-015
          19          16   4.3562162562984141E-015
          19          17  -6.8376185767189629E-015
          19          18  -2.4727678544891641E-013
          19          19   8.5452357111620989E-027
          19          20  -2.4727678544892070E-013
          19          21   2.8418700190745548E-027
          19          22  -2.7132196330299336E-027
          19          23  -2.4727678544892580E-013
          19          24  -4.5430393158028785E-013
          19          25  -5.6982998541659168E-027
          19          26  -4.5430393158028931E-013
          19          27  -6.0743188068327880E-028
          19          28   1.5529099032438816E-027
          19          29  -4.5430393158027841E-013
          20           1   4.4736454542720212     
          20           2   25.582650308299357     
          20           3   34.614706348483004     
          20           4  -91.757604686897992     
          20           5  -11.200904686802390     
          20           6  -3.3304521531417441E-013
          20           7  -8.5344594969209969E-014
          20           8   2.1661761921301044E-013
          20           9   5.3629562052869645E-013
          20          10   5.4734224523057146E-013
          20          11   1.8030782177758428E-013
          20          12  -5.1621934359231831E-013
          20          13  -6.3614134458910720E-013
          20          14  -6.5277150220631972E-014
          20          15   1.5458267713226724E-013
          20          16   2.7269599138736139E-013
          20          17   3.8283531727767955E-014
          20          18   12.457483122331931     
          20          19  -2.4727678544892070E-013
          20          20   12.457483122333016     
          20          21  -1.8898246585510250E-013
          20          22   1.5391034314220029E-013
          20          23   12.457483122333047     
          20          24   19.090687763400716     
          20          25   2.5262561345605650E-013
          20          26   19.090687763401192     
          20          27   1.9499132628784983E-014
          20          28  -3.9463134703829538E-014
          20          29   19.090687763400680     
          21           1  -7.6472432611718673E-014
          21           2  -3.9008430919537347E-013
          21           3  -5.0756547372272352E-013
          21           4   1.3677492684668767E-012
          21           5   1.6744116544037644E-013
          21           6  -3.1361895251533442E-015
          21           7  -7.1813657892542607E-015
          21           8   1.0859436292802628E-014
          21           9  -9.6996143212068513E-016
          21          10  -4.8612802200000664E-014
          21          11   3.2498084498922676E-014
          21          12   5.5566439966439336E-016
          21          13   3.2453968597324671E-014
          21          14  -2.1509760542523598E-014
          21          15  -2.7160108813005543E-017
          21          16  -3.3174977836274715E-015
          21          17   2.1387600276524959E-015
          21          18  -1.8898246585508970E-013
          21          19   2.8418700190745548E-027
          21          20  -1.8898246585510250E-013
          21          21   3.5545376017956262E-027
          21          22  -1.5026237161735894E-027
          21          23  -1.8898246585509715E-013
          21          24  -2.8588817069489767E-013
          21          25  -3.8945436871012949E-027
          21          26  -2.8588817069490328E-013
          21          27  -3.5887314569879046E-028
          21          28   5.0158560549763415E-029
          21          29  -2.8588817069489171E-013
          22           1   5.2008900554916384E-014
          22           2   2.2636095251109183E-013
          22           3   3.7775456994946141E-013
          22           4  -1.0828566947631266E-012
          22           5  -1.3029867610276954E-013
          22           6   2.0339242141780272E-015
          22           7   4.4181775767209387E-015
          22           8   2.3553963373159961E-015
          22           9  -3.5892316555473455E-015
          22          10  -4.1400443981787834E-014
          22          11   3.2981813078720471E-014
          22          12   2.4748957876917086E-015
          22          13   2.7962389286000196E-014
          22          14  -2.2095969104900352E-014
          22          15  -2.7838245151845814E-016
          22          16  -2.9626877519204701E-015
          22          17   2.2836124547553166E-015
          22          18   1.5391034314216030E-013
          22          19  -2.7132196330299336E-027
          22          20   1.5391034314220029E-013
          22          21  -1.5026237161735894E-027
          22          22   5.0958777626922016E-027
          22          23   1.5391034314222225E-013
          22          24   2.2509558324851892E-013
          22          25   3.4392140850438349E-027
          22          26   2.2509558324854176E-013
          22          27  -6.6197850664858284E-028
          22          28  -1.4060783263132363E-027
          22          29   2.2509558324855095E-013
          23           1   4.4736454542712991     
          23           2   25.582650308299211     
          23           3   34.614706348483708     
          23           4  -91.757604686899100     
          23           5  -11.200904686802499     
          23           6   1.3786937814455012E-012
          23           7  -3.0398182513453653E-013
          23           8   2.3347510158301486E-013
          23           9   2.2719405066844858E-014
          23          10   4.6524085284992734E-013
          23          11   3.3602161272051567E-013
          23          12  -1.1847505035332652E-013
          23          13  -5.8767023913951842E-013
          23          14  -1.6942054300950696E-013
          23          15   9.6220664533213098E-014
          23          16   2.6978639760622150E-013
          23          17   4.8990102652852666E-014
          23          18   12.457483122331961     
          23          19  -2.4727678544892580E-013
          23          20   12.457483122333047     
          23          21  -1.8898246585509715E-013
          23          22   1.5391034314222225E-013
          23          23   12.457483122333077     
          23          24   19.090687763400886     
          23          25   2.5262561345606988E-013
          23          26   19.090687763401366     
          23          27   1.9499132628777921E-014
          23          28  -3.9463134703842974E-014
          23          29   19.090687763400854     
          24           1   8.5438481923353145     
          24           2   50.633920956020923     
          24           3   80.272549699109035     
          24           4  -175.12271040184200     
          24           5  -21.272060141236260     
          24           6  -3.0216452524355545E-013
          24           7   2.2284724059002513E-014
          24           8   2.0413333343575173E-013
          24           9   4.7002354484049423E-013
          24          10   4.0277801115072568E-013
          24          11  -1.5538625130908896E-013
          24          12  -3.3828511588591295E-013
          24          13  -7.4058254703351173E-013
          24          14   1.3002173472114629E-013
          24          15   7.5340781765413121E-014
          24          16   4.7534865614679278E-013
          24          17   7.1201901627314631E-014
          24          18   19.090687763399526     
          24          19  -4.5430393158028785E-013
          24          20   19.090687763400716     
          24          21  -2.8588817069489767E-013
          24          22   2.2509558324851892E-013
          24          23   19.090687763400886     
          24          24   35.152616099846547     
          24          25   4.5622807848443105E-013
          24          26   35.152616099847243     
          24          27   4.1633422778383082E-014
          24          28  -7.3157006809112539E-014
          24          29   35.152616099846412     
          25           1   1.1769378631344391E-013
          25           2   6.3979751891775120E-013
          25           3   1.0206170537887859E-012
          25           4  -2.2667202111935385E-012
          25           5  -2.7517799030700625E-013
          25           6   1.0844454474768542E-014
          25           7   2.0062047199279254E-015
          25           8  -4.6497737942457905E-015
          25           9  -9.7434712513528613E-015
          25          10   2.1356141206126316E-014
          25          11   1.2543145931949190E-014
          25          12   6.8818711634634107E-015
          25          13  -1.4292650944446437E-014
          25          14  -8.5734559103424313E-015
          25          15  -8.2513145089772745E-016
          25          16   1.4723940497883765E-015
          25          17   9.4079372838017409E-016
          25          18   2.5262561345603706E-013
          25          19  -5.6982998541659168E-027
          25          20   2.5262561345605650E-013
          25          21  -3.8945436871012949E-027
          25          22   3.4392140850438349E-027
          25          23   2.5262561345606988E-013
          25          24   4.5622807848443105E-013
          25          25   6.2383559242814096E-027
          25          26   4.5622807848444367E-013
          25          27   2.1397753351996375E-028
          25          28  -9.6616813250955995E-028
          25          29   4.5622807848444054E-013
          26           1   8.5438481923355010     
          26           2   50.633920956021406     
          26           3   80.272549699110229     
          26           4  -175.12271040184544     
          26           5  -21.272060141236661     
          26           6  -4.0773848848812659E-013
          26           7   4.5561195158832419E-014
          26           8   1.8090347159244260E-013
          26           9   4.6146934573848714E-013
          26          10   5.2805918814529075E-013
          26          11  -8.4821686177299882E-014
          26          12  -3.3577668305496985E-013
          26          13  -8.2407400389942991E-013
          26          14   8.1879549851278887E-014
          26          15   7.6117424147168784E-014
          26          16   4.8383605667885915E-013
          26          17   7.6456374589028901E-014
          26          18   19.090687763400002     
          26          19  -4.5430393158028931E-013
          26          20   19.090687763401192     
          26          21  -2.8588817069490328E-013
          26          22   2.2509558324854176E-013
          26          23   19.090687763401366     
          26          24   35.152616099847243     
          26          25   4.5622807848444367E-013
          26          26   35.152616099847947     
          26          27   4.1633422778378128E-014
          26          28  -7.3157006809116187E-014
          26          29   35.152616099847116     
          27           1   3.5793863188184022E-015
          27           2   8.3450681241714123E-014
          27           3   1.0877451466020320E-013
          27           4  -2.0931646018772581E-013
          27           5  -2.5868810483217799E-014
          27           6  -3.8338024822380296E-015
          27           7  -7.0699733221896430E-015
          27           8   2.9401269018097314E-015
          27           9   1.0426919902569024E-014
          27          10  -1.2932699547817723E-014
          27          11  -2.5685768068035966E-014
          27          12  -7.1260125454973416E-015
          27          13   8.4754888849972195E-015
          27          14   1.7354605278682025E-014
          27          15   7.8165644940150998E-016
          27          16  -8.1528037045827872E-016
          27          17  -1.8407134381940099E-015
          27          18   1.9499132628790704E-014
          27          19  -6.0743188068327880E-028
          27          20   1.9499132628784983E-014
          27          21  -3.5887314569879046E-028
          27          22  -6.6197850664858284E-028
          27          23   1.9499132628777921E-014
          27          24   4.1633422778383082E-014
          27          25   2.1397753351996375E-028
          27          26   4.1633422778378128E-014
          27          27   4.9857718525867673E-028
          27          28   5.9589474620993378E-029
          27          29   4.1633422778372524E-014
          28           1  -1.5485936453682431E-014
