           1           1   5.0393983469824235     
           1           2   38.250239415065963     
           1           3   74.311360712396066     
           1           4   36.114019386711433     
           1           5 -0.64842296904155650     
           1           6  -1.4000337215987777     
           1           7  -1.6479629060458718E-013
           1           8  -1.6276295340163682E-012
           1           9  -3.4406127675877523E-012
           1          10   8.4757051750566922E-013
           1          11   3.0881543293062752E-013
           1          12  -5.1526839512252767E-013
           1          13  -2.9793400873086654E-013
           1          14   2.2171915019805836E-012
           1          15   9.4580220437260751E-013
           1          16   2.2122308072575432E-013
           1          17  -2.4507445119850242E-012
           1          18  -9.9012282131352444E-013
           1          19  -1.5941163914765327E-013
           1          20   4.3634652910010869E-013
           1          21   2.0837852199229458E-013
           1          22  -36.250213833304755     
           1          23  -5.3504546674426339E-014
           1          24  -36.250213833304841     
           1          25   1.5060286477003515E-014
           1          26  -3.0621673197001623E-014
           1          27  -36.250213833304997     
           1          28  -10.384161618722917     
           1          29  -5.6254520280993599E-014
           1          30  -10.384161618723038     
           1          31   1.8027518308885390E-015
           1          32  -4.1147777579940128E-014
           1          33  -10.384161618722896     
           1          34  -1.1396725845975153     
           1          35   1.8433194423183608E-014
           1          36  -1.1396725845975164     
           1          37   1.6168197087960997E-014
           1          38   4.9522780541375427E-014
           1          39  -1.1396725845975761     
           2           1   38.250239415065963     
           2           2   506.33107023452487     
           2           3   933.41656909625817     
           2           4   334.62604549378892     
           2           5   310.75580773827897     
           2           6   5.6583930635982238     
           2           7  -4.4005185790857507E-012
           2           8  -1.5334416873672335E-011
           2           9  -4.1819383484297036E-011
           2          10  -1.3905484070049009E-011
           2          11   1.3194596559046620E-011
           2          12   1.0641360718652862E-011
           2          13  -1.3875651815051333E-012
           2          14   3.7428963823276613E-011
           2          15   2.9038673104863787E-011
           2          16   3.7451660669891197E-012
           2          17  -4.3223978631338949E-011
           2          18  -3.1660680962286699E-011
           2          19  -9.7297517368952518E-013
           2          20   8.4400803961368952E-012
           2          21   4.5578775596350767E-012
           2          22  -503.12085044464425     
           2          23   4.1042114108078405E-014
           2          24  -503.12085044464447     
           2          25   4.0314394534412526E-013
           2          26  -5.6726862505308322E-014
           2          27  -503.12085044464465     
           2          28  -173.09889172772574     
           2          29  -4.9977089933675515E-013
           2          30  -173.09889172772637     
           2          31   1.1202314545226600E-013
           2          32  -3.7720533861481157E-015
           2          33  -173.09889172772640     
           2          34  -67.916509259577794     
           2          35   4.8118127252906339E-013
           2          36  -67.916509259577168     
           2          37  -8.6389528994557315E-014
           2          38   4.6277914432301787E-015
           2          39  -67.916509259577737     
           3           1   74.311360712396066     
           3           2   933.41656909625817     
           3           3   1806.5017496665571     
           3           4   857.37421299349614     
           3           5   20.130359239588437     
           3           6  -30.606236488759976     
           3           7  -2.1194873152200464E-013
           3           8  -1.2673988314723695E-011
           3           9  -1.3671213381905433E-011
           3          10   5.9425504722052530E-012
           3          11   1.1298291191275768E-012
           3          12  -3.2159271770135142E-013
           3          13  -8.2979689980635963E-012
           3          14   1.4770344750228688E-011
           3          15  -1.0267991240106123E-011
           3          16   9.0776929163313454E-012
           3          17  -1.7341853161371866E-011
           3          18   1.2463386331565656E-011
           3          19  -3.0456919544009761E-012
           3          20   4.1609543528516874E-012
           3          21  -3.2664830942578715E-012
           3          22  -884.62457971974936     
           3          23   1.7827543498166560E-013
           3          24  -884.62457971975027     
           3          25  -3.0626352702752910E-013
           3          26   3.8194081718451258E-013
           3          27  -884.62457971975118     
           3          28  -254.91111084759876     
           3          29  -7.6129514440119352E-013
           3          30  -254.91111084760053     
           3          31   6.2618801337015941E-013
           3          32  -2.3844779388781806E-013
           3          33  -254.91111084759962     
           3          34  -33.904244529814434     
           3          35   7.8782869005461225E-013
           3          36  -33.904244529813212     
           3          37  -5.1806684607698521E-013
           3          38   2.5913537735045507E-013
           3          39  -33.904244529813894     
           4           1   36.114019386711433     
           4           2   334.62604549378892     
           4           3   857.37421299349614     
           4           4   963.57488245051411     
           4           5  -1502.3418522549146     
           4           6  -123.82971895362719     
           4           7   4.4072984930149388E-013
           4           8  -1.3814148511193974E-012
           4           9   1.0776732407579125E-012
           4          10   4.3716563275580430E-013
           4          11  -7.2219081684345512E-012
           4          12   2.5466832817251433E-012
           4          13   1.0388328039760572E-011
           4          14  -3.7680833775421869E-011
           4          15   2.1112131216988061E-011
           4          16  -1.2441415663046079E-011
           4          17   4.3716575160136944E-011
           4          18  -2.5630965635054604E-011
           4          19   2.9067621946908976E-012
           4          20  -1.0380034773069411E-011
           4          21   6.9370336000067588E-012
           4          22  -191.20643410384716     
           4          23   1.3386665398712135E-014
           4          24  -191.20643410384906     
           4          25  -4.3059511931984344E-014
           4          26   5.4574602646992751E-013
           4          27  -191.20643410384847     
           4          28   83.647097882935753     
           4          29  -3.0435578775619574E-013
           4          30   83.647097882937260     
           4          31   3.7491783481749800E-013
           4          32  -5.6904202628743930E-013
           4          33   83.647097882936919     
           4          34   237.80694284559758     
           4          35   2.0221648162739208E-013
           4          36   237.80694284559667     
           4          37  -2.5060373076613523E-013
           4          38   5.1025092173545548E-013
           4          39   237.80694284559632     
           5           1 -0.64842296904155650     
           5           2   310.75580773827897     
           5           3   20.130359239588437     
           5           4  -1502.3418522549146     
           5           5   4119.1141679374095     
           5           6   296.93067489172029     
           5           7  -9.5236806347151176E-012
           5           8  -6.5421147347261448E-011
           5           9  -1.2088182173800176E-010
           5          10   1.0607019732320471E-011
           5          11   3.3048883916402801E-011
           5          12   2.4337956197258035E-011
           5          13  -1.9244883513241508E-011
           5          14   1.2387736406846640E-010
           5          15   5.7877940651504483E-011
           5          16   2.8417143054360154E-011
           5          17  -1.4865028338864061E-010
           5          18  -5.7263181848663423E-011
           5          19  -6.1213478793126951E-012
           5          20   3.3723865163051195E-011
           5          21   2.2303514912712914E-012
           5          22  -634.03597437450765     
           5          23  -8.9498758079870267E-014
           5          24  -634.03597437450321     
           5          25   8.4136183454731520E-013
           5          26   1.2390877521485019E-015
           5          27  -634.03597437449730     
           5          28  -561.85475684743392     
           5          29  -3.3844209851290472E-013
           5          30  -561.85475684743915     
           5          31  -5.9750260988860093E-013
           5          32   9.7257714557867303E-013
           5          33  -561.85475684743994     
           5          34  -691.99046941551649     
           5          35   5.3899070739210894E-013
           5          36  -691.99046941551296     
           5          37   3.8203623347956477E-013
           5          38  -9.9634534844444085E-013
           5          39  -691.99046941551273     
           6           1  -1.4000337215987777     
           6           2   5.6583930635982238     
           6           3  -30.606236488759976     
           6           4  -123.82971895362719     
           6           5   296.93067489172029     
           6           6   21.993862274207878     
           6           7   2.9620901529631409E-013
           6           8   4.8887274717565457E-012
           6           9   6.2333921134248141E-012
           6          10  -3.7086629745640275E-013
           6          11   9.8288596206258196E-013
           6          12  -2.0121791592026379E-012
           6          13  -2.1182131734987370E-012
           6          14   7.4260863101193526E-012
           6          15  -8.2421270567332506E-012
           6          16   2.6942046178335695E-012
           6          17  -8.5774133226760973E-012
           6          18   9.7957188154254368E-012
           6          19  -6.6314488927290638E-013
           6          20   2.1062550657727206E-012
           6          21  -2.2592148926092883E-012
           6          22  -30.009332536890000     
           6          23   3.9350627028469995E-014
           6          24  -30.009332536887328     
           6          25  -4.2479601926783172E-013
           6          26  -7.3120335982266736E-013
           6          27  -30.009332536889996     
           6          28  -35.964946442633433     
           6          29  -1.2391394021776732E-014
           6          30  -35.964946442634357     
           6          31   6.2872068795916485E-014
           6          32   2.4078370835205842E-013
           6          33  -35.964946442633696     
           6          34  -49.344701606979854     
           6          35   2.6422057790137078E-014
           6          36  -49.344701606979342     
           6          37  -2.5970786428130915E-014
           6          38  -1.5196526769232456E-013
           6          39  -49.344701606979612     
           7           1  -1.6479629060458718E-013
           7           2  -4.4005185790857507E-012
           7           3  -2.1194873152200464E-013
           7           4   4.4072984930149388E-013
           7           5  -9.5236806347151176E-012
           7           6   2.9620901529631409E-013
           7           7   1.9964326049913841     
           7           8  -7.2812849500074821E-015
           7           9   4.5558175288603232E-016
           7          10   5.6208174105845535E-003
           7          11  -9.8421791550072311E-013
           7          12  -3.6703279304717926E-013
           7          13  0.14138846805445704     
           7          14   9.6232570523392266E-013
           7          15   1.0418419599256264E-012
           7          16  -6.5030429002107371E-002
           7          17  -8.9863706753698529E-013
           7          18  -2.0585165516617958E-012
           7          19   2.4026467515084218E-002
           7          20  -1.9393232679463712E-013
           7          21   1.3436669311916839E-012
           7          22   2.1578939003055072E-012
           7          23  -4.7735581964428484E-013
           7          24   2.0936782606285776E-012
           7          25  -9.4324019805777168E-013
           7          26  -8.0447556777953053E-013
           7          27   2.9460763789478247E-012
           7          28   2.4139328183250273E-012
           7          29  -7.1824807419620541E-013
           7          30   7.3373842235962753E-013
           7          31   8.3593567856584223E-013
           7          32   6.7480027603188981E-014
           7          33   2.3461265978409660E-012
           7          34   1.3161157980158644E-012
           7          35  -1.9445403984222194E-013
           7          36   2.6045686627860960E-012
           7          37  -5.2748333608174189E-013
           7          38   5.6211288861479931E-013
           7          39   8.2572092049180030E-013
           8           1  -1.6276295340163682E-012
           8           2  -1.5334416873672335E-011
           8           3  -1.2673988314723695E-011
           8           4  -1.3814148511193974E-012
           8           5  -6.5421147347261448E-011
           8           6   4.8887274717565457E-012
           8           7  -7.2812849500074821E-015
           8           8   1.9964326049903025     
           8           9  -1.4849592909483517E-012
           8          10  -1.7935826435169425E-012
           8          11   5.6208174023719085E-003
           8          12  -1.1513810738161697E-012
           8          13   1.4322154573423412E-012
           8          14  0.14138846806280553     
           8          15   1.4988635332891518E-012
           8          16  -2.9839845872079984E-013
           8          17  -6.5030429010624169E-002
           8          18  -9.5046089054750721E-012
           8          19  -7.8330128841505325E-012
           8          20   2.4026467514652344E-002
           8          21   9.6971111696045141E-012
           8          22   1.5763245646880276E-011
           8          23  -4.3706820952858425E-012
           8          24   1.4400143269682873E-011
           8          25  -7.7773027541403863E-012
           8          26  -5.9724746332970199E-012
           8          27   2.3268277639792698E-011
           8          28   1.7306416785015218E-011
           8          29  -6.5576496211265578E-012
           8          30   3.9711727116327285E-012
           8          31   6.5883519975434637E-012
           8          32   4.5629047007003126E-013
           8          33   1.6905812225825344E-011
           8          34   9.5433828208897045E-012
           8          35  -1.3716748396171727E-012
           8          36   1.9694505897202461E-011
           8          37  -3.9872185749748914E-012
           8          38   4.9891923562553484E-012
           8          39   5.4661906099215691E-012
           9           1  -3.4406127675877523E-012
           9           2  -4.1819383484297036E-011
           9           3  -1.3671213381905433E-011
           9           4   1.0776732407579125E-012
           9           5  -1.2088182173800176E-010
           9           6   6.2333921134248141E-012
           9           7   4.5558175288603232E-016
           9           8  -1.4849592909483517E-012
           9           9   1.9964326049913415     
           9          10  -3.9771536758380951E-012
           9          11  -2.0285717550194885E-011
           9          12   5.6208174093449331E-003
           9          13   2.1836213393021906E-012
           9          14   1.4110285856405981E-011
           9          15  0.14138846805466199     
           9          16  -7.9096798555315839E-013
           9          17  -1.3266870241280134E-011
           9          18  -6.5030429016091129E-002
           9          19  -1.2723871435638214E-011
           9          20  -2.1772826597210331E-012
           9          21   2.4026467532485003E-002
           9          22   2.8153834430593273E-011
           9          23  -7.3156282434448184E-012
           9          24   2.7198434483787058E-011
           9          25  -1.4455359629815594E-011
           9          26  -1.1024108264422446E-011
           9          27   4.0625778398840679E-011
           9          28   3.1587188735773125E-011
           9          29  -1.0445451751392609E-011
           9          30   7.9845919788688981E-012
           9          31   1.1675143604644361E-011
           9          32   1.0998590094905862E-012
           9          33   3.0379481074098355E-011
           9          34   1.7335027197117722E-011
           9          35  -2.8073075987115163E-012
           9          36   3.5342732745647983E-011
           9          37  -7.2187723184352879E-012
           9          38   8.1040561293131874E-012
           9          39   1.0079519906686062E-011
          10           1   8.4757051750566922E-013
          10           2  -1.3905484070049009E-011
          10           3   5.9425504722052530E-012
          10           4   4.3716563275580430E-013
          10           5   1.0607019732320471E-011
          10           6  -3.7086629745640275E-013
          10           7   5.6208174105845535E-003
          10           8  -1.7935826435169425E-012
          10           9  -3.9771536758380951E-012
          10          10   2.2245761976037248     
          10          11   8.6153306710809578E-013
          10          12   1.1554091017273245E-012
          10          13   1.7460866032538280     
          10          14   1.2747025657246104E-012
          10          15   2.9398150580561816E-012
          10          16  -1.8584279548288392     
          10          17  -1.5445700274360115E-012
          10          18  -2.9013458302530690E-012
          10          19  0.39403757065495182     
          10          20   2.7016236470188975E-013
          10          21  -2.6187385593399137E-014
          10          22  -7.7771916319826985E-013
          10          23   3.1465126254510679E-013
          10          24   2.9362798232451138E-013
          10          25   7.1376828300895687E-013
          10          26  -1.2842148711100747E-012
          10          27  -5.1269022968680973E-013
          10          28  -3.1637793739107866E-012
          10          29   5.0801082163594101E-013
          10          30  -2.7269232848478733E-012
          10          31  -1.9931265554506070E-013
          10          32   1.1613026517336535E-013
          10          33  -2.9521429049090601E-012
          10          34  -2.3932940869679707E-012
          10          35  -5.2402085599552659E-014
          10          36  -2.7509572659470376E-012
          10          37   4.4333347760077209E-014
          10          38  -6.9727472113662291E-015
          10          39  -1.9678075152516709E-012
          11           1   3.0881543293062752E-013
          11           2   1.3194596559046620E-011
          11           3   1.1298291191275768E-012
          11           4  -7.2219081684345512E-012
          11           5   3.3048883916402801E-011
          11           6   9.8288596206258196E-013
          11           7  -9.8421791550072311E-013
          11           8   5.6208174023719085E-003
          11           9  -2.0285717550194885E-011
          11          10   8.6153306710809578E-013
          11          11   2.2245761976094403     
          11          12   5.8957283499695298E-012
          11          13   5.5611071303583668E-013
          11          14   1.7460866032599438     
          11          15   1.5135337427807436E-011
          11          16  -2.7497448762596471E-013
          11          17  -1.8584279548365232     
          11          18  -1.4345524768088815E-011
          11          19   1.7677213859376263E-012
          11          20  0.39403757065677458     
          11          21   8.6736173799261089E-014
          11          22  -7.1034514685827098E-012
          11          23   7.7320142434861232E-013
          11          24  -8.0410381936184765E-012
          11          25   2.7003157483904518E-012
          11          26   2.8438278152542953E-012
          11          27  -9.5117474825764504E-012
          11          28  -6.3050854030855359E-012
          11          29   1.2466834388704483E-012
          11          30  -2.0659726722198886E-012
          11          31  -2.3645500204986375E-012
          11          32  -3.8101796074775142E-013
          11          33  -5.3159491425490479E-012
          11          34  -4.9954741996391250E-012
          11          35   7.5093390048763109E-013
          11          36  -8.6154934291255847E-012
          11          37   1.5709554153067920E-012
          11          38  -9.9236599217141814E-013
          11          39  -3.8209475872303480E-012
          12           1  -5.1526839512252767E-013
          12           2   1.0641360718652862E-011
          12           3  -3.2159271770135142E-013
          12           4   2.5466832817251433E-012
          12           5   2.4337956197258035E-011
          12           6  -2.0121791592026379E-012
          12           7  -3.6703279304717926E-013
          12           8  -1.1513810738161697E-012
          12           9   5.6208174093449331E-003
          12          10   1.1554091017273245E-012
          12          11   5.8957283499695298E-012
          12          12   2.2245761976045322     
          12          13  -3.8757885789656349E-013
          12          14  -2.8889113323772273E-012
          12          15   1.7460866032552043     
          12          16   4.5452530628144437E-013
          12          17   2.3382407121632001E-012
          12          18  -1.8584279548262330     
          12          19   3.3857708303664260E-012
          12          20   8.7328755338231306E-013
          12          21  0.39403757065034117     
          12          22  -5.9278698497024434E-012
          12          23   1.9325071647539260E-012
          12          24  -4.5899520388344578E-012
          12          25   4.9854243671959803E-012
          12          26   2.5253731893078412E-012
          12          27  -7.5021941769224945E-012
          12          28  -7.7699103282272308E-012
          12          29   2.7658605603499702E-012
          12          30  -6.5181702671144501E-013
          12          31  -3.5249858874909886E-012
          12          32   1.1771100445120684E-013
          12          33  -7.3274487995142943E-012
          12          34  -2.9947440177540022E-012
          12          35   9.9063360790816275E-013
          12          36  -8.9309849545602823E-012
          12          37   1.9707095445870092E-012
          12          38  -2.3828161711420482E-012
          12          39  -7.7728097748013027E-013
          13           1  -2.9793400873086654E-013
          13           2  -1.3875651815051333E-012
          13           3  -8.2979689980635963E-012
          13           4   1.0388328039760572E-011
          13           5  -1.9244883513241508E-011
          13           6  -2.1182131734987370E-012
          13           7  0.14138846805445704     
          13           8   1.4322154573423412E-012
          13           9   2.1836213393021906E-012
          13          10   1.7460866032538280     
          13          11   5.5611071303583668E-013
          13          12  -3.8757885789656349E-013
          13          13   13.101120460411451     
          13          14  -2.0840829062520655E-012
          13          15  -2.4664714715072429E-012
          13          16  -13.990101180152484     
          13          17   2.2541690736253564E-012
          13          18   3.4869329645916155E-012
          13          19   2.4637035074842411     
          13          20  -1.2246453851028268E-013
          13          21  -1.3883269533997738E-012
          13          22   6.7676909028001497E-012
          13          23   5.0527598497929507E-013
          13          24   5.3752767702165969E-012
          13          25   5.6337595358961757E-013
          13          26   2.2713386727834544E-012
          13          27   5.7197237928156516E-012
          13          28   1.7095895439707889E-013
          13          29  -4.2950214112376230E-013
          13          30   3.3438568145915056E-012
          13          31  -1.1466039400958956E-012
          13          32  -2.1228232152752299E-013
          13          33  -7.8954190665488853E-013
          13          34   4.7148350267880188E-012
          13          35   9.6927170658376045E-013
          13          36   1.8122452964690190E-012
          13          37   7.7717578385412624E-013
          13          38  -5.9674457954154423E-013
          13          39   5.3708308807297579E-012
          14           1   2.2171915019805836E-012
          14           2   3.7428963823276613E-011
          14           3   1.4770344750228688E-011
          14           4  -3.7680833775421869E-011
          14           5   1.2387736406846640E-010
          14           6   7.4260863101193526E-012
          14           7   9.6232570523392266E-013
          14           8  0.14138846806280553     
          14           9   1.4110285856405981E-011
          14          10   1.2747025657246104E-012
          14          11   1.7460866032599438     
          14          12  -2.8889113323772273E-012
          14          13  -2.0840829062520655E-012
          14          14   13.101120460396324     
          14          15  -1.3285150757269671E-011
          14          16   3.8903880117427755E-012
          14          17  -13.990101180137813     
          14          18   2.2700841206812789E-011
          14          19   4.0993770877839946E-012
          14          20   2.4637035074832032     
          14          21  -1.1184345116711079E-011
          14          22  -3.0932189755428737E-011
          14          23   4.0437761694275865E-012
          14          24  -2.8150230769696450E-011
          14          25   9.4595323781921816E-012
          14          26   4.7728904816236461E-012
          14          27  -3.9183000414213600E-011
          14          28  -1.8190011980968591E-011
          14          29   4.0810978531543168E-012
          14          30  -7.8117109902902912E-012
          14          31  -7.3383082493792961E-012
          14          32  -2.1225597686120073E-013
          14          33  -1.2259169662283335E-011
          14          34  -2.1929264057900566E-011
          14          35   1.5052080053913700E-012
          14          36  -3.0534730837484039E-011
          14          37   5.0815908583773274E-012
          14          38  -3.1896019605170970E-012
          14          39  -1.9533500729960873E-011
          15           1   9.4580220437260751E-013
          15           2   2.9038673104863787E-011
          15           3  -1.0267991240106123E-011
          15           4   2.1112131216988061E-011
          15           5   5.7877940651504483E-011
          15           6  -8.2421270567332506E-012
          15           7   1.0418419599256264E-012
          15           8   1.4988635332891518E-012
          15           9  0.14138846805466199     
          15          10   2.9398150580561816E-012
          15          11   1.5135337427807436E-011
          15          12   1.7460866032552043     
          15          13  -2.4664714715072429E-012
          15          14  -1.3285150757269671E-011
          15          15   13.101120460411781     
          15          16   2.8853586186982523E-012
          15          17   1.1511236408523694E-011
          15          18  -13.990101180139890     
          15          19   9.5947694234155699E-012
          15          20   2.5418694926671078E-012
          15          21   2.4637035074701221     
          15          22  -6.7347907078137454E-012
          15          23   6.0901489347871506E-012
          15          24  -6.9135437037651732E-012
          15          25   1.3293465501578568E-011
          15          26   9.5952627528798051E-012
          15          27  -1.9568042162968850E-011
          15          28  -2.8101842765706303E-011
          15          29   6.9254182576033275E-012
          15          30  -3.4287498885158410E-012
          15          31  -1.1214182488282121E-011
          15          32  -8.7056916153150127E-013
          15          33  -2.4473934103654032E-011
          15          34  -3.9092724875049839E-012
          15          35   4.2558465613581090E-012
          15          36  -2.3881921192691530E-011
          15          37   6.0960837726412369E-012
          15          38  -6.4082989061544926E-012
          15          39   2.1463165956460918E-012
          16           1   2.2122308072575432E-013
          16           2   3.7451660669891197E-012
          16           3   9.0776929163313454E-012
          16           4  -1.2441415663046079E-011
          16           5   2.8417143054360154E-011
          16           6   2.6942046178335695E-012
          16           7  -6.5030429002107371E-002
          16           8  -2.9839845872079984E-013
          16           9  -7.9096798555315839E-013
          16          10  -1.8584279548288392     
          16          11  -2.7497448762596471E-013
          16          12   4.5452530628144437E-013
          16          13  -13.990101180152484     
          16          14   3.8903880117427755E-012
          16          15   2.8853586186982523E-012
          16          16   14.943129877620956     
          16          17  -4.1269487827163867E-012
          16          18  -3.9651615324489566E-012
          16          19  -2.6307680839526189     
          16          20   4.3092959756164274E-013
          16          21   1.5772452788272262E-012
          16          22  -9.0789055491659620E-012
          16          23  -5.2917068695860085E-013
          16          24  -6.8538338362863607E-012
          16          25  -8.4052542401139753E-013
          16          26  -2.7312685878590803E-012
          16          27  -8.1866539011254280E-012
          16          28  -1.7179107928786328E-012
          16          29   4.2288567944464717E-013
          16          30  -5.3472451293736665E-012
          16          31   1.3063060953375885E-012
          16          32   2.9034337246241439E-013
          16          33  -6.3387536830701073E-013
          16          34  -6.3622464066082141E-012
          16          35  -1.0412409323377163E-012
          16          36  -3.1270353375607660E-012
          16          37  -8.7460418540510201E-013
          16          38   6.3369535466142767E-013
          16          39  -7.1111351038601340E-012
          17           1  -2.4507445119850242E-012
          17           2  -4.3223978631338949E-011
          17           3  -1.7341853161371866E-011
          17           4   4.3716575160136944E-011
          17           5  -1.4865028338864061E-010
          17           6  -8.5774133226760973E-012
          17           7  -8.9863706753698529E-013
          17           8  -6.5030429010624169E-002
          17           9  -1.3266870241280134E-011
          17          10  -1.5445700274360115E-012
          17          11  -1.8584279548365232     
          17          12   2.3382407121632001E-012
          17          13   2.2541690736253564E-012
          17          14  -13.990101180137813     
          17          15   1.1511236408523694E-011
          17          16  -4.1269487827163867E-012
          17          17   14.943129877606911     
          17          18  -2.1640023106783313E-011
          17          19  -4.7234334499250535E-012
          17          20  -2.6307680839518941     
          17          21   1.1830925128465542E-011
          17          22   3.6532326145784147E-011
          17          23  -4.5034141420706600E-012
          17          24   3.2582147263440628E-011
          17          25  -1.0112966712789228E-011
          17          26  -4.8992527834179325E-012
          17          27   4.6570533638249088E-011
          17          28   2.2463691801472360E-011
          17          29  -4.6412083711630275E-012
          17          30   1.1019046641149361E-011
          17          31   8.0455404640332741E-012
          17          32   1.4302765202543019E-013
          17          33   1.5905473901213708E-011
          17          34   2.6105852187908278E-011
          17          35  -1.6648659475938932E-012
          17          36   3.5630714957299970E-011
          17          37  -5.5630868692774794E-012
          17          38   3.6687521024307919E-012
          17          39   2.3470215882310009E-011
          18           1  -9.9012282131352444E-013
          18           2  -3.1660680962286699E-011
          18           3   1.2463386331565656E-011
          18           4  -2.5630965635054604E-011
          18           5  -5.7263181848663423E-011
          18           6   9.7957188154254368E-012
          18           7  -2.0585165516617958E-012
          18           8  -9.5046089054750721E-012
          18           9  -6.5030429016091129E-002
          18          10  -2.9013458302530690E-012
          18          11  -1.4345524768088815E-011
          18          12  -1.8584279548262330     
          18          13   3.4869329645916155E-012
          18          14   2.2700841206812789E-011
          18          15  -13.990101180139890     
          18          16  -3.9651615324489566E-012
          18          17  -2.1640023106783313E-011
          18          18   14.943129877592506     
          18          19  -1.0638066816337426E-011
          18          20  -1.2593398546201786E-012
          18          21  -2.6307680839342682     
          18          22   5.9209103252489170E-012
          18          23  -6.8531998486897991E-012
          18          24   6.1340574575282293E-012
          18          25  -1.4740718336263860E-011
          18          26  -1.0637691530538205E-011
          18          27   2.0514761537966186E-011
          18          28   2.9972981905413516E-011
          18          29  -7.8346007189516515E-012
          18          30   2.5962904917546430E-012
          18          31   1.2460140598716311E-011
          18          32   9.5912211247778130E-013
          18          33   2.5966441662742718E-011
          18          34   3.2227731926771456E-012
          18          35  -4.6699812874458134E-012
          18          36   2.5331493775095008E-011
          18          37  -6.8120244560112702E-012
          18          38   7.1993123863867887E-012
          18          39  -3.5176038623689699E-012
          19           1  -1.5941163914765327E-013
          19           2  -9.7297517368952518E-013
          19           3  -3.0456919544009761E-012
          19           4   2.9067621946908976E-012
          19           5  -6.1213478793126951E-012
          19           6  -6.6314488927290638E-013
          19           7   2.4026467515084218E-002
          19           8  -7.8330128841505325E-012
          19           9  -1.2723871435638214E-011
          19          10  0.39403757065495182     
          19          11   1.7677213859376263E-012
          19          12   3.3857708303664260E-012
          19          13   2.4637035074842411     
          19          14   4.0993770877839946E-012
          19          15   9.5947694234155699E-012
          19          16  -2.6307680839526189     
          19          17  -4.7234334499250535E-012
          19          18  -1.0638066816337426E-011
          19          19  0.46547462590511368     
          19          20   8.6482687330900592E-013
          19          21   1.6971181404648121E-012
          19          22   2.2803462179796001E-012
          19          23   7.5300365193502881E-014
          19          24   1.7047722202253433E-012
          19          25   2.7161493598209496E-013
          19          26   5.7024087282021450E-013
          19          27   2.5036785581678193E-012
          19          28   3.2672391226081574E-013
          19          29  -5.4922433796224384E-014
          19          30   1.0064122327353537E-012
          19          31  -2.5069477997888689E-013
          19          32  -7.9445826315821169E-014
          19          33   6.4653408169697145E-014
          19          34   1.3211027898466590E-012
          19          35   1.7347230410716978E-013
          19          36   7.3685077325256710E-013
          19          37   1.6011701649539491E-013
          19          38  -8.9639662027434419E-014
          19          39   1.4997398358729971E-012
          20           1   4.3634652910010869E-013
          20           2   8.4400803961368952E-012
          20           3   4.1609543528516874E-012
          20           4  -1.0380034773069411E-011
          20           5   3.3723865163051195E-011
          20           6   2.1062550657727206E-012
          20           7  -1.9393232679463712E-013
          20           8   2.4026467514652344E-002
          20           9  -2.1772826597210331E-012
          20          10   2.7016236470188975E-013
          20          11  0.39403757065677458     
          20          12   8.7328755338231306E-013
          20          13  -1.2246453851028268E-013
          20          14   2.4637035074832032     
          20          15   2.5418694926671078E-012
          20          16   4.3092959756164274E-013
          20          17  -2.6307680839518941     
          20          18  -1.2593398546201786E-012
          20          19   8.6482687330900592E-013
          20          20  0.46547462590528621     
          20          21  -1.1938176142090388E-012
          20          22  -7.8540236283898857E-012
          20          23   7.2192441286954702E-013
          20          24  -7.7063329645115393E-012
          20          25   1.8450292461780486E-012
          20          26   1.0030862666174048E-012
          20          27  -9.6223152239775945E-012
          20          28  -5.0354474960273885E-012
          20          29   8.0924488219468770E-013
          20          30  -2.8994296606472036E-012
          20          31  -1.4351425091250394E-012
          20          32  -5.8015975501756696E-014
          20          33  -3.8754856631041440E-012
          20          34  -5.8614443578208091E-012
          20          35   2.9723528248793587E-013
          20          36  -7.6078570313110065E-012
          20          37   9.9047739766834744E-013
          20          38  -6.2105514703452439E-013
          20          39  -5.3960324191866088E-012
          21           1   2.0837852199229458E-013
          21           2   4.5578775596350767E-012
          21           3  -3.2664830942578715E-012
          21           4   6.9370336000067588E-012
