           1           1   29.897793436359926     
           1           2   111.95831467011892     
           1           3   198.22470218340311     
           1           4  -157.95333612589891     
           1           5   61.230259140712185     
           1           6   142.84706301917714     
           1           7   1.6667341468939245     
           1           8   2.4623581465332031E-011
           1           9   9.1446400104529206E-011
           1          10  -5.4399205084514210E-012
           1          11   1.8081791447202645E-010
           1          12   7.5704746523871364E-010
           1          13  -1.3050532439430072E-010
           1          14   1.0045917726763362E-009
           1          15   2.6966119632725568E-009
           1          16  -9.5456441153468066E-010
           1          17   1.2083136120571321E-009
           1          18   2.6246033637224868E-009
           1          19  -8.7937440373414122E-010
           1          20   4.1869669799342775E-010
           1          21   6.8382448024054415E-010
           1          22  -2.3885728435455918E-010
           1          23  -1.4323175054555965E-011
           1          24   3.5048227940135184E-011
           1          25  -2.4080594627259425E-012
           1          26  -105.54581397262260     
           1          27   2.0745855764853113E-011
           1          28  -105.54581397263203     
           1          29   1.2611044220754621E-011
           1          30  -5.0001050728555319E-011
           1          31  -105.54581397272271     
           1          32   48.366547223875074     
           1          33  -2.4602796193412840E-011
           1          34   48.366547223864742     
           1          35  -6.9745741132597409E-013
           1          36   5.8131788421225218E-011
           1          37   48.366547224022696     
           1          38   9.7587500638087725     
           1          39   1.1078241105473281E-011
           1          40   9.7587500638287068     
           1          41  -6.7394782281513942E-012
           1          42  -2.8766010454441863E-011
           1          43   9.7587500637245892     
           1          44  -7.6047882648217460     
           1          45  -1.1315959581182937E-012
           1          46  -7.6047882648341973     
           1          47   3.8070920830778130E-012
           1          48   4.2845032449684215E-012
           1          49  -7.6047882648108516     
           1          50  -1.4394293552669724E-010
           1          51  -2.4000177942128952E-010
           1          52  -6.0726579944822281E-011
           1          53  -5.3518489648890576E-010
           1          54   2.7977204462050952E-011
           1          55   3.2026919374595524E-012
           1          56   2.5638153708481876E-011
           1          57  -6.6059224983621967E-011
           1          58  -2.3702306094663858E-010
           1          59   4.8521354185301405E-011
           1          60  -3.5358426108792013E-011
           1          61  -1.2526303397141199E-010
           1          62  -1.7414982966859253E-011
           1          63  -2.7648702039889074E-010
           1          64   7.5808442174101912E-011
           1          65  -3.3303082375214885E-012
           1          66   7.5640351161862146E-011
           1          67  -1.9748653294749760E-011
           1          68  -1.2797397226631102E-010
           1          69   1.7906267287494517E-010
           2           1   111.95831467011892     
           2           2   421.75198169523065     
           2           3   769.32566527784672     
           2           4  -631.67134851332332     
           2           5   295.27593188992466     
           2           6   671.32540711101353     
           2           7   12.403607375278181     
           2           8   3.6914803178261072E-011
           2           9   2.4150957610669326E-010
           2          10  -1.1901151038380626E-011
           2          11   2.5391344864079643E-010
           2          12   2.4406869907897741E-009
           2          13  -1.4073772691946931E-011
           2          14   2.0625013898256010E-009
           2          15   1.0498210574456362E-008
           2          16   3.1598935637739312E-010
           2          17   2.6520474362827483E-009
           2          18   9.7589855645807981E-009
           2          19   3.8607704741335325E-010
           2          20   9.8426536133750097E-010
           2          21   2.4457738194660834E-009
           2          22   1.2683695512490317E-010
           2          23  -5.0588544121244040E-011
           2          24   1.4112943479231917E-010
           2          25   1.8876570851056118E-012
           2          26  -431.84050999731454     
           2          27   4.7006748749187295E-011
           2          28  -431.84050999734472     
           2          29   3.3186421188416841E-011
           2          30  -1.0596205445186767E-010
           2          31  -431.84050999751446     
           2          32   154.59784240866441     
           2          33  -5.3368318573079644E-011
           2          34   154.59784240862513     
           2          35   8.9248605686896947E-012
           2          36   1.1894183154870166E-010
           2          37   154.59784240899236     
           2          38   40.877428696070069     
           2          39   2.1916924785246541E-011
           2          40   40.877428696140200     
           2          41  -2.8371555984671569E-011
           2          42  -5.8328476656627324E-011
           2          43   40.877428695872489     
           2          44  -43.240556858879742     
           2          45  -1.1496028390180926E-012
           2          46  -43.240556858923085     
           2          47   1.3622711929159324E-011
           2          48   9.2572185607854262E-012
           2          49  -43.240556858854539     
           2          50  -2.1699896387350415E-010
           2          51  -6.9412705503247839E-010
           2          52  -8.4913921231980711E-011
           2          53  -1.5472064944252262E-009
           2          54   1.9366834442422534E-011
           2          55   1.1267380152273259E-011
           2          56   1.1462376046400603E-011
           2          57  -1.0224040413909975E-010
           2          58  -6.8437647737041569E-010
           2          59  -4.8360796034088290E-012
           2          60  -3.3332328002276921E-011
           2          61  -6.6000696350186373E-010
           2          62  -1.9729371314473152E-011
           2          63  -1.4655677673634186E-009
           2          64  -1.8379149008503273E-011
           2          65  -1.1685574716374981E-011
           2          66  -1.9387822238797139E-011
           2          67  -2.8776978225222172E-011
           2          68  -6.7004401377151488E-010
           2          69  -8.3486239335123738E-012
           3           1   198.22470218340311     
           3           2   769.32566527784672     
           3           3   1612.3569863658961     
           3           4  -1413.0921079643372     
           3           5   1094.0376133807608     
           3           6   2351.1287398646755     
           3           7   71.095542824567659     
           3           8  -1.1107529645050871E-010
           3           9   1.6275819791081806E-010
           3          10   5.4394602728720593E-011
           3          11  -1.1015921366426054E-009
           3          12   2.4386207907016394E-009
           3          13   1.1036704282697357E-009
           3          14  -4.6382459497522442E-009
           3          15   1.3357084920314632E-008
           3          16   7.4691491158952252E-009
           3          17  -4.3131269589277457E-009
           3          18   1.2315065704976746E-008
           3          19   7.3665961228770308E-009
           3          20  -1.0923008003378043E-009
           3          21   3.1509362762696192E-009
           3          22   2.1015539052843044E-009
           3          23  -5.5466084544595893E-011
           3          24   1.3261007883705402E-010
           3          25   2.0925542889163412E-011
           3          26  -1089.6422779787999     
           3          27   5.7837963278852164E-012
           3          28  -1089.6422779788290     
           3          29   1.1257046347286160E-011
           3          30   1.2429020672726192E-011
           3          31  -1089.6422779787390     
           3          32   35.724697456563753     
           3          33   1.1959059655998021E-011
           3          34   35.724697456506135     
           3          35   2.5637647326316735E-011
           3          36  -2.1204370156990344E-011
           3          37   35.724697456578653     
           3          38   102.61295789312405     
           3          39  -1.4589661379961042E-011
           3          40   102.61295789320364     
           3          41  -3.1637897873169762E-011
           3          42   5.2487032793666637E-012
           3          43   102.61295789308252     
           3          44  -201.85294954136702     
           3          45   9.7378368110607799E-012
           3          46  -201.85294954141736     
           3          47   1.2866112751247175E-011
           3          48   2.1856919533571518E-012
           3          49  -201.85294954135566     
           3          50   7.0212614882597506E-010
           3          51  -6.0206481739783047E-010
           3          52   3.2275343037891725E-010
           3          53  -1.3433367041121748E-009
           3          54  -2.4805647221088251E-010
           3          55   1.5758007939840743E-011
           3          56  -2.5701029890069663E-010
           3          57   3.1442019647638347E-010
           3          58  -5.9481312824738815E-010
           3          59  -6.0581256719941033E-010
           3          60   6.5519286571579716E-010
           3          61  -9.5835616217285441E-010
           3          62   2.9336993810120342E-010
           3          63  -2.1569867731008564E-009
           3          64  -4.9197027065112656E-010
           3          65  -1.6458285721616084E-011
           3          66  -4.9711586536583740E-010
           3          67   2.7418498859983445E-010
           3          68  -9.8037095051258345E-010
           3          69  -1.0661380596364552E-009
           4           1  -157.95333612589891     
           4           2  -631.67134851332332     
           4           3  -1413.0921079643372     
           4           4   2264.0831691697158     
           4           5  -1670.4223828691338     
           4           6  -3749.0803478596495     
           4           7  -182.85978920100933     
           4           8   3.3333083203006914E-010
           4           9   9.5507404635189417E-010
           4          10   1.4165822890506346E-010
           4          11   2.7360734555792893E-009
           4          12   4.7480256131659588E-009
           4          13  -1.9514077744188400E-009
           4          14   1.2074073535132046E-008
           4          15  -8.3110568567529758E-010
           4          16  -2.3746003058746523E-008
           4          17   1.3822665086484568E-008
           4          18   1.3426668601215285E-009
           4          19  -2.1344031679133695E-008
           4          20   4.4986703046519490E-009
           4          21   3.4410239952756988E-010
           4          22  -5.6455973076416256E-009
           4          23  -5.9816197529976714E-011
           4          24   2.0403652577270258E-010
           4          25  -1.1433860068655679E-010
           4          26   1210.8824605605216     
           4          27  -2.4336100174291027E-011
           4          28   1210.8824605604955     
           4          29  -2.4414706714157522E-013
           4          30   9.3797823213366385E-011
           4          31   1210.8824605608345     
           4          32   189.43256007995683     
           4          33   6.0863928067603704E-011
           4          34   189.43256007989959     
           4          35   6.2589859544037532E-011
           4          36  -1.6189678581484190E-010
           4          37   189.43256007977942     
           4          38  -223.45891075788899     
           4          39  -3.8339140882774634E-011
           4          40  -223.45891075780293     
           4          41  -5.3263175451141860E-011
           4          42   8.6103003904115260E-011
           4          43  -223.45891075787975     
           4          44   370.25747842208739     
           4          45   7.8530989582057718E-012
           4          46   370.25747842204260     
           4          47   2.0353138101885466E-011
           4          48  -9.6219010849551100E-012
           4          49   370.25747842211672     
           4          50  -2.1267871787504917E-009
           4          51  -2.1165135818149472E-009
           4          52  -9.3383836583027697E-010
           4          53  -4.7328850985874434E-009
           4          54   7.5792399833981420E-011
           4          55   2.1869625238709404E-011
           4          56   4.3688598345608563E-011
           4          57  -9.6572792809997794E-010
           4          58  -2.0790532256896217E-009
           4          59   1.0503901615528753E-010
           4          60  -5.5923499558560434E-010
           4          61   1.2842256669255611E-009
           4          62  -2.8047862168695587E-010
           4          63   2.8741232930821490E-009
           4          64   2.2108531345454552E-009
           4          65  -2.7876930364027163E-011
           4          66   2.2186014944034294E-009
           4          67  -2.6750504718599516E-010
           4          68   1.2361877984719068E-009
           4          69   4.9780690651780509E-009
           5           1   61.230259140712185     
           5           2   295.27593188992466     
           5           3   1094.0376133807608     
           5           4  -1670.4223828691338     
           5           5   1971.0687939033774     
           5           6   4184.7270359964014     
           5           7   193.43609835188579     
           5           8  -3.9428536950561973E-010
           5           9   3.6618984622250386E-010
           5          10   1.1028689450336289E-009
           5          11  -4.0363513356633826E-009
           5          12  -1.6348233415586522E-009
           5          13   7.0203299863616333E-009
           5          14  -2.4285190468885130E-008
           5          15  -2.1880019911723428E-008
           5          16   1.9475111420230250E-008
           5          17  -2.6261805148792168E-008
           5          18  -1.4321197279754111E-008
           5          19   2.2929374444947578E-008
           5          20  -8.2890255244147938E-009
           5          21  -1.6870842772073034E-009
           5          22   7.3578091389172869E-009
           5          23   1.1093775554072239E-010
           5          24  -6.6287815001370609E-010
           5          25  -5.9819611661334436E-011
           5          26  -1205.5965920697067     
           5          27  -5.1399413335403510E-011
           5          28  -1205.5965920696560     
           5          29  -6.3737837589194175E-011
           5          30   9.1919130241374721E-011
           5          31  -1205.5965920696044     
           5          32  -607.45851079456361     
           5          33   6.6705744302242574E-011
           5          34  -607.45851079447857     
           5          35  -6.2654847379506133E-011
           5          36  -5.4170938121924733E-011
           5          37  -607.45851079492263     
           5          38   171.73881003365284     
           5          39  -2.7129232121532765E-011
           5          40   171.73881003349175     
           5          41   9.5423195906269633E-011
           5          42   5.8510080863489203E-012
           5          43   171.73881003392503     
           5          44  -439.01306585533075     
           5          45   1.0683931415693297E-011
           5          46  -439.01306585524333     
           5          47  -3.9499378081157283E-011
           5          48  -6.9811660422963934E-013
           5          49  -439.01306585536594     
           5          50   2.6991873993873984E-009
           5          51  -3.8663649706216594E-010
           5          52   1.1699475245913470E-009
           5          53  -8.7692809523486747E-010
           5          54  -2.6627968691335422E-009
           5          55  -2.2514198133258740E-011
           5          56  -2.6337971339990977E-009
           5          57   1.2351823195332694E-009
           5          58  -4.2878290564782811E-010
           5          59  -5.8415105186179742E-009
           5          60   2.3287065853631578E-009
           5          61   3.1306926350103748E-009
           5          62   1.0764949093979463E-009
           5          63   6.9330172794664114E-009
           5          64   1.3214835237630450E-010
           5          65   2.5921631155227296E-011
           5          66   1.2151935882933590E-010
           5          67   1.0651511028062575E-009
           5          68   3.1503109165436246E-009
           5          69   2.2221407309249174E-010
           6           1   142.84706301917714     
           6           2   671.32540711101353     
           6           3   2351.1287398646755     
           6           4  -3749.0803478596495     
           6           5   4184.7270359964014     
           6           6   8943.4630679357833     
           6           7   420.88219370804330     
           6           8  -1.2257500212827432E-009
           6           9  -9.7796696428713958E-010
           6          10   9.3963465484734852E-010
           6          11  -1.0044923145481886E-008
           6          12  -2.4825047177304240E-009
           6          13   1.3134159385621597E-008
           6          14  -4.1857742811259974E-008
           6          15   1.1409880480287690E-008
           6          16   8.2463514707065769E-008
           6          17  -4.4407723026390407E-008
           6          18   4.3286401171168729E-009
           6          19   8.1790474891307669E-008
           6          20  -1.3280565638375250E-008
           6          21  -3.3361675329947243E-010
           6          22   2.3669884462369318E-008
           6          23  -1.2118503743316928E-010
           6          24   1.9665780547985106E-010
           6          25   7.2464206788756560E-011
           6          26  -2567.1109438936501     
           6          27  -4.6483766740237487E-011
           6          28  -2567.1109438934759     
           6          29  -9.2117223393082037E-011
           6          30   1.3379016292694148E-010
           6          31  -2567.1109438937092     
           6          32  -1234.4650835743198     
           6          33   5.1560804904351568E-011
           6          34  -1234.4650835742116     
           6          35  -1.8309524286867613E-010
           6          36  -3.5773843086296591E-011
           6          37  -1234.4650835747689     
           6          38   387.72679541775636     
           6          39  -9.7099542202666074E-012
           6          40   387.72679541745038     
           6          41   2.2464074017880843E-010
           6          42  -2.4186786369787224E-011
           6          43   387.72679541818638     
           6          44  -936.54930167213331     
           6          45   1.2998190682104836E-011
           6          46  -936.54930167195062     
           6          47  -8.6829907913439411E-011
           6          48   2.5043312045815373E-012
           6          49  -936.54930167219800     
           6          50   7.3133088151367285E-009
           6          51   1.8450961217131395E-009
           6          52   3.1925364545967923E-009
           6          53   4.1015880243109014E-009
           6          54  -3.3770341711082732E-009
           6          55  -5.2065897426789140E-011
           6          56  -3.3101265708367820E-009
           6          57   3.3292029983378047E-009
           6          58   1.7513836525035069E-009
           6          59  -7.3078931509933693E-009
           6          60   3.3117507558066711E-009
           6          61  -2.8447189937228131E-009
           6          62   1.5580155244050075E-009
           6          63  -6.4901299377792268E-009
           6          64  -5.1413517693446824E-009
           6          65   6.0573273897450407E-011
           6          66  -5.1636210719402626E-009
           6          67   1.5344515642228219E-009
           6          68  -2.7894272275622535E-009
           6          69  -1.1652472858436885E-008
           7           1   1.6667341468939245     
           7           2   12.403607375278181     
           7           3   71.095542824567659     
           7           4  -182.85978920100933     
           7           5   193.43609835188579     
           7           6   420.88219370804330     
           7           7   22.459395474972283     
           7           8  -2.1689675492772020E-010
           7           9  -8.3970465498376509E-010
           7          10  -5.1495079906585647E-010
           7          11  -1.1636211555899601E-009
           7          12  -1.9340424965898433E-009
           7          13  -8.1354263097431588E-010
           7          14  -7.3369629686698510E-010
           7          15   1.2133274765666664E-008
           7          16   1.3329394696552425E-008
           7          17  -1.0467224496858459E-009
           7          18   5.5099931941737638E-009
           7          19   1.0263699848380752E-008
           7          20  -2.6030011638393884E-010
           7          21  -1.3401111121599124E-010
           7          22   2.3465601478582435E-009
           7          23  -4.9401913947314190E-011
           7          24   3.4455340020235491E-010
           7          25   8.8462061341856303E-011
           7          26  -102.30251000075216     
           7          27   2.9159920338181715E-011
           7          28  -102.30251000073162     
           7          29   1.0074875024559678E-011
           7          30  -6.2370499676883625E-011
           7          31  -102.30251000093435     
           7          32  -64.447529201789749     
           7          33  -3.9010755624237303E-011
           7          34  -64.447529201791440     
           7          35  -3.0646172339823528E-011
           7          36   8.5506520686171216E-011
           7          37  -64.447529201601441     
           7          38   21.012285269629288     
           7          39   2.1472302204422827E-011
           7          40   21.012285269613642     
           7          41   2.3424394611385778E-011
           7          42  -4.5312107061045649E-011
           7          43   21.012285269547661     
           7          44  -45.687923412089887     
           7          45  -3.0413640868375703E-012
           7          46  -45.687923412077765     
           7          47  -6.7646956636263538E-012
           7          48   5.9518984687421921E-012
           7          49  -45.687923412080565     
           7          50   1.0676409982312043E-009
           7          51   1.5599821519434835E-009
           7          52   4.7275606855313258E-010
           7          53   3.4870126808060804E-009
           7          54   8.6615995937589746E-010
           7          55  -4.2067218889889097E-012
           7          56   8.7107703884150016E-010
           7          57   4.8065478837095983E-010
           7          58   1.5537560471024084E-009
           7          59   1.9533743223687103E-009
           7          60  -4.1005771341648088E-010
           7          61  -2.6849480330186741E-009
           7          62  -1.7866432845883243E-010
           7          63  -6.0086120861157881E-009
           7          64  -1.8884058983929961E-009
           7          65   4.8945117543424386E-012
           7          66  -1.8894230301414693E-009
           7          67  -1.7914185465125678E-010
           7          68  -2.6790230174272217E-009
           7          69  -4.2329884608653989E-009
           8           1   2.4623581465332031E-011
           8           2   3.6914803178261072E-011
           8           3  -1.1107529645050871E-010
           8           4   3.3333083203006914E-010
           8           5  -3.9428536950561973E-010
           8           6  -1.2257500212827432E-009
           8           7  -2.1689675492772020E-010
           8           8   2.9260577314182110     
           8           9   1.1204162424801784E-010
           8          10   6.8367630139958902E-011
           8          11   27.977181110943281     
           8          12   4.4408893231755365E-010
           8          13   3.3254776711868932E-010
           8          14   126.52503539340681     
           8          15  -6.3323638697038651E-010
           8          16  -5.5300381637545928E-010
           8          17   127.92669216807661     
           8          18  -2.8421018139622963E-011
           8          19  -8.4466426690473828E-011
           8          20   36.685673486970202     
           8          21   1.6501095629629081E-010
           8          22   1.2339206913446136E-010
           8          23  0.47958157397866319     
           8          24  -2.9700451727670507E-011
           8          25  -2.9230378316711479E-011
           8          26   3.0474197075978257E-010
           8          27   2.4700268915059921E-011
           8          28   2.0910635770979665E-010
           8          29   6.5765590941378662E-012
           8          30   5.0193554778278082E-011
           8          31   2.4167595943400976E-010
           8          32   2.9461399125406321E-010
           8          33   1.0806045538915526E-011
           8          34   2.4842787172278908E-010
           8          35   1.8232027496369280E-011
           8          36  -2.1199716897087142E-011
           8          37   1.3310345250426320E-010
           8          38  -7.1325351976458549E-011
           8          39   1.6538503432853908E-011
           8          40   2.6514383200522269E-011
           8          41  -8.7626553058340518E-012
           8          42   3.7148918225525538E-011
           8          43   9.3582017187574884E-011
           8          44   2.5850938129216665E-010
           8          45  -3.4940286067485294E-012
           8          46   2.2799523672918898E-010
           8          47   1.7909179355377665E-012
           8          48  -4.8536238010251114E-011
           8          49   2.1278772128362691E-010
           8          50  -18.870450943069940     
           8          51  -2.0111179736436485E-010
           8          52  -8.4391222150042910     
           8          53  -6.3367877615236852E-010
           8          54  -1.7514508073179910E-010
           8          55  -3.6895915717871933E-012
           8          56  -1.9743466237694328E-010
           8          57  -8.4391222149865879     
           8          58  -1.9662702022971114E-010
           8          59  -3.8829266887740136E-010
           8          60  -13.904234126142777     
           8          61   2.7428908104077894E-010
           8          62  -6.2181625361843489     
           8          63   5.3607378261917474E-010
           8          64   1.5326443413898962E-010
           8          65  -1.1490237548950788E-011
           8          66   1.7644028080147519E-010
           8          67  -6.2181625361148187     
           8          68   2.4652459588252033E-010
           8          69   4.4298795189475026E-010
           9           1   9.1446400104529206E-011
           9           2   2.4150957610669326E-010
           9           3   1.6275819791081806E-010
           9           4   9.5507404635189417E-010
           9           5   3.6618984622250386E-010
           9           6  -9.7796696428713958E-010
           9           7  -8.3970465498376509E-010
           9           8   1.1204162424801784E-010
           9           9   2.9260577313172376     
           9          10  -1.2029817414987141E-010
           9          11  -9.1951293752367289E-011
           9          12   27.977181110601819     
           9          13  -2.3028190190869492E-011
           9          14   2.7730616329900583E-011
           9          15   126.52503539400728     
           9          16  -3.4589664790039331E-011
           9          17   2.3875330127433973E-011
           9          18   127.92669216809020     
           9          19  -2.3364752754423867E-010
           9          20   2.8737595293951281E-010
           9          21   36.685673487019500     
           9          22   3.0781269211090452E-010
           9          23   2.4788371338353924E-010
           9          24  0.47958157399398088     
           9          25  -1.1627091826912345E-010
           9          26   5.2500380948326623E-010
           9          27   2.7647776165306241E-010
           9          28  -2.5355431465796517E-010
           9          29   2.0351216110748385E-010
           9          30   3.7650005761696612E-010
           9          31  -2.9606849836713625E-010
           9          32   6.6819786864708754E-010
           9          33   2.4712206016229017E-011
           9          34   1.5132533648353518E-010
           9          35   9.5968194004869674E-011
           9          36   1.5453130138916183E-010
           9          37  -2.7580113116770940E-010
           9          38  -8.1321182591088084E-010
           9          39   1.4958350921269964E-010
           9          40  -4.2765048314926383E-011
           9          41  -1.3338662340809034E-010
           9          42   2.5106338630569746E-010
           9          43   4.4776368422875167E-010
           9          44   7.4933858692393290E-010
           9          45  -1.2942378883551461E-010
           9          46   4.9966970243155686E-010
           9          47   6.4204567897640505E-011
           9          48  -4.2869380878040274E-010
           9          49   3.6742830030966987E-010
           9          50   4.6886236569173564E-010
           9          51  -8.4391222143885578     
           9          52  -2.8715500825365109E-010
           9          53  -18.870450943603196     
           9          54   2.4120264095508696E-010
           9          55   1.4170723390907823E-010
           9          56  -1.4538514852605287E-010
           9          57  -1.2022128441609614E-010
           9          58  -8.4391222143948195     
           9          59   1.4146561673322826E-010
           9          60  -7.8292414217557254E-010
           9          61  -6.2181625363264805     
           9          62   1.0706373646363255E-010
           9          63  -13.904234126431541     
           9          64  -3.2301517001648393E-010
           9          65  -1.7978499003615800E-010
           9          66  -8.8368284809442622E-011
           9          67   6.3247893032359022E-010
           9          68  -6.2181625363582222     
           9          69  -4.0582481464493419E-011
          10           1  -5.4399205084514210E-012
          10           2  -1.1901151038380626E-011
          10           3   5.4394602728720593E-011
          10           4   1.4165822890506346E-010
          10           5   1.1028689450336289E-009
          10           6   9.3963465484734852E-010
          10           7  -5.1495079906585647E-010
          10           8   6.8367630139958902E-011
          10           9  -1.2029817414987141E-010
          10          10   2.9260577312604621     
          10          11  -1.5426448298319570E-011
          10          12  -4.5893644420606931E-010
          10          13   27.977181110694215     
          10          14   1.9846759651217547E-010
          10          15   6.3866006900861922E-010
          10          16   126.52503539353103     
          10          17   1.1498037959144565E-010
          10          18  -1.3459277787827907E-010
          10          19   127.92669216762300     
          10          20   1.8818252337738405E-010
          10          21  -1.1872981757970674E-010
          10          22   36.685673486970622     
          10          23   2.0616565484298049E-010
          10          24   6.4757354013717500E-011
          10          25  0.47958157389421741     
          10          26   3.2890101735958258E-011
          10          27   1.4622383432580968E-010
          10          28  -5.0976464701599634E-010
          10          29   1.4132257148671798E-010
          10          30   3.3172831582030353E-010
          10          31  -3.7690264530697149E-010
          10          32   1.1992300264585094E-010
          10          33   4.0619229219402354E-011
          10          34  -2.6296807995230280E-010
          10          35   7.8177239480530929E-011
          10          36   2.8086180754791166E-011
          10          37  -7.4250257505054132E-010
          10          38  -5.0682286764506279E-010
          10          39   9.2655653847747112E-011
          10          40   5.2918527078190610E-011
          10          41  -1.1156782426646454E-010
          10          42   2.5148510155457958E-010
          10          43   5.1074460572383947E-010
          10          44   3.7052336990118417E-010
          10          45  -8.9537105953608382E-011
          10          46   2.0749959885262760E-010
          10          47   5.7372748482338522E-011
          10          48  -3.3180393732963889E-010
          10          49   7.1382518001174593E-011
          10          50   3.1678514665417323E-010
          10          51   5.3138421431382456E-010
          10          52  -2.0986615740250623E-010
          10          53  -1.0403000709168039E-010
          10          54  -8.4391222146710945     
          10          55   8.7171777224132386E-011
          10          56  -8.4391222149596068     
          10          57  -8.4804855828073139E-011
          10          58   5.2031517974278462E-010
          10          59  -18.870450942702433     
          10          60  -6.1673853520621248E-010
          10          61  -2.1341020608174568E-010
          10          62   6.3822159338935038E-011
          10          63  -5.1241089124041185E-010
          10          64  -6.2181625365560445     
          10          65  -1.3411234422346938E-010
          10          66  -6.2181625363755151     
          10          67   4.3087090841966157E-010
          10          68  -2.4244495292279231E-010
          10          69  -13.904234126407015     
          11           1   1.8081791447202645E-010
          11           2   2.5391344864079643E-010
          11           3  -1.1015921366426054E-009
          11           4   2.7360734555792893E-009
          11           5  -4.0363513356633826E-009
          11           6  -1.0044923145481886E-008
          11           7  -1.1636211555899601E-009
          11           8   27.977181110943281     
          11           9  -9.1951293752367289E-011
          11          10  -1.5426448298319570E-011
          11          11   273.76811662950087     
          11          12  -2.4532101332649689E-010
          11          13   9.9847242985173163E-010
          11          14   1236.2556254941985     
          11          15   3.7503908291687884E-010
          11          16   4.5992519236260902E-009
          11          17   1231.5297570298603     
          11          18   6.2082892624483450E-011
          11          19   4.6259075437352871E-009
          11          20   346.58788840711929     
          11          21   1.5378124472015751E-010
          11          22   1.5215901733573870E-009
          11          23   6.4189003859892084     
          11          24  -5.0698219123313206E-011
          11          25  -5.3263056308762637E-011
          11          26   2.4929969795765474E-009
          11          27   1.7608201166352156E-010
          11          28   2.1352616742182225E-009
          11          29   1.3415266291770223E-011
          11          30   1.1786131377557356E-010
          11          31   2.1059160171257837E-009
          11          32   2.1367577786665050E-009
          11          33   3.7514188129350306E-011
          11          34   2.0417417533827135E-009
          11          35   8.0610211566495772E-011
          11          36   3.6163292645941303E-012
          11          37   1.7556628831614319E-009
          11          38  -3.2178380480527454E-010
          11          39   7.5589210982835393E-011
          11          40  -2.6898976940060935E-011
          11          41  -1.2851860530428664E-011
          11          42   3.8378061173473565E-011
          11          43   1.1724598413197676E-010
          11          44   1.6197782142095061E-009
          11          45   4.2409529616325833E-013
          11          46   1.4653159484195829E-009
          11          47  -9.8993460998216634E-012
          11          48  -1.0787896318816961E-010
          11          49   1.4683234059226401E-009
          11          50  -181.73731411404617     
          11          51   2.9306340676155141E-010
          11          52  -81.275397681607458     
          11          53  -6.0088545408882928E-011
          11          54  -2.9139909942094319E-010
          11          55  -2.9894837932346122E-012
          11          56  -2.9440643680165263E-010
          11          57  -81.275397681568421     
          11          58   3.0358869572024225E-010
          11          59  -5.6320326189928891E-010
          11          60  -144.02803304964149     
          11          61  -5.5066354135027062E-011
          11          62  -64.411294512820817     
          11          63  -3.9254569022924265E-010
          11          64  -4.0090842444913590E-010
          11          65  -8.4354146944269625E-012
          11          66  -3.6358912405533608E-010
          11          67  -64.411294512529651     
          11          68  -1.3581970256294449E-010
          11          69  -4.9194331925680176E-010
          12           1   7.5704746523871364E-010
          12           2   2.4406869907897741E-009
          12           3   2.4386207907016394E-009
          12           4   4.7480256131659588E-009
          12           5  -1.6348233415586522E-009
          12           6  -2.4825047177304240E-009
          12           7  -1.9340424965898433E-009
          12           8   4.4408893231755365E-010
          12           9   27.977181110601819     
          12          10  -4.5893644420606931E-010
          12          11  -2.4532101332649689E-010
          12          12   273.76811662894153     
          12          13   1.4794199301486833E-010
          12          14   2.3172907739805819E-011
          12          15   1236.2556254994029     
          12          16   2.0950074995902063E-009
          12          17   1.0866450197072854E-010
          12          18   1231.5297570326363     
          12          19   1.1051354518923119E-009
          12          20   1.1182020311184006E-009
          12          21   346.58788840797780     
          12          22   1.6939078477145535E-009
          12          23   9.5751743007315042E-010
          12          24   6.4189003861497671     
          12          25  -4.2744904153819795E-010
