           1           1   54.442694679154563     
           1           2   189.17236951846724     
           1           3   377.52648677371832     
           1           4  -294.86046988788013     
           1           5   367.24033001803321     
           1           6  -152.57031755656499     
           1           7  -2.3540548177962775     
           1           8   6.4199946365754778E-011
           1           9   1.2556064688895245E-011
           1          10   1.2242867473875034E-011
           1          11   9.1448072189753323E-010
           1          12   2.4069040451575479E-010
           1          13   1.9525162518967872E-010
           1          14   1.3115862533737384E-008
           1          15   3.6115622218487646E-009
           1          16   1.5934261531193750E-008
           1          17  -1.4746042247825545E-008
           1          18  -4.0587738444022380E-009
           1          19  -2.0297776095292026E-008
           1          20   3.8180167039179809E-009
           1          21   1.0624788745887759E-009
           1          22   5.8055154803231676E-009
           1          23  -9.4042025746498868E-011
           1          24  -3.5201229390653574E-011
           1          25  -2.5433739739182671E-010
           1          26  -214.01119251436967     
           1          27  -8.7474153871244374E-012
           1          28  -214.01119251437063     
           1          29  -1.3464856563009493E-012
           1          30   6.8299678588070944E-012
           1          31  -214.01119251437439     
           1          32   86.204656680625234     
           1          33  -7.6496107448284092E-012
           1          34   86.204656680600607     
           1          35  -9.5483945283049727E-012
           1          36   1.2404641862071032E-011
           1          37   86.204656680611336     
           1          38  -20.196648452382423     
           1          39   1.4975162397457798E-011
           1          40  -20.196648452352658     
           1          41   1.4926905642453369E-012
           1          42  -9.0302706340326108E-012
           1          43  -20.196648452368954     
           1          44   1.0699008413524793     
           1          45  -6.2289440849219129E-012
           1          46   1.0699008413395619     
           1          47   4.2858156938562416E-012
           1          48   1.4240218089405082E-012
           1          49   1.0699008413511100     
           1          50  -6.9812416736100178E-010
           1          51  -7.4532201750099345E-011
           1          52  -3.1322324568980231E-010
           1          53  -1.9193012053492922E-010
           1          54  -1.4048334084762834E-010
           1          55  -3.7414686691813889E-012
           1          56  -1.3508097381585933E-010
           1          57  -3.2046594637773400E-010
           1          58  -8.0810640140631068E-011
           1          59  -2.9519921588821170E-010
           1          60  -5.9664023716331897E-010
           1          61  -8.0266222041556948E-011
           1          62  -2.6172163000310661E-010
           1          63  -1.6738414616576702E-010
           1          64   5.7508571300418446E-011
           1          65   2.9077123515582319E-012
           1          66   5.4645271084597335E-011
           1          67  -2.6284703160219697E-010
           1          68  -7.3915809457243993E-011
           1          69   1.0192902327266969E-010
           2           1   189.17236951846724     
           2           2   658.24333828892247     
           2           3   1327.5536542675243     
           2           4  -1007.4429612593561     
           2           5   1332.0679837296798     
           2           6  -547.77581237305355     
           2           7  -8.6084711354391885E-002
           2           8   2.2878090179303941E-010
           2           9   4.9519219136047444E-011
           2          10   4.9899478163741533E-011
           2          11   3.2472638489863235E-009
           2          12   8.8575112800871150E-010
           2          13   8.0493894282952912E-010
           2          14   4.2505550014673806E-008
           2          15   1.2157348394916865E-008
           2          16   5.6213430026846047E-008
           2          17  -4.7038036227535521E-008
           2          18  -1.3465279839973071E-008
           2          19  -7.1299064985801391E-008
           2          20   1.2005321768691464E-008
           2          21   3.4848319830725119E-009
           2          22   2.0335880814936013E-008
           2          23  -2.5906650343103215E-010
           2          24  -1.0790092927449996E-010
           2          25  -8.7843996458230374E-010
           2          26  -764.18668236527435     
           2          27  -2.7578118669183971E-011
           2          28  -764.18668236527958     
           2          29  -7.4046380801570619E-012
           2          30   2.1035899322674562E-011
           2          31  -764.18668236529379     
           2          32   284.14626422398385     
           2          33  -2.2711521671929356E-011
           2          34   284.14626422389136     
           2          35  -3.4162025833609338E-011
           2          36   3.6450563718362369E-011
           2          37   284.14626422392928     
           2          38  -80.734751271700191     
           2          39   4.8196424222704786E-011
           2          40  -80.734751271590483     
           2          41   1.1266039369261613E-011
           2          42  -2.5769579547778516E-011
           2          43  -80.734751271646132     
           2          44  -2.0860552886953241     
           2          45  -2.1433604280381457E-011
           2          46  -2.0860552887414396     
           2          47   1.0379881625110538E-011
           2          48   1.8350185487793976E-012
           2          49  -2.0860552887049590     
           2          50  -2.4341746578496519E-009
           2          51  -2.7267383861007192E-010
           2          52  -1.0910506830380340E-009
           2          53  -6.8806666725411413E-010
           2          54  -5.2325615362363106E-010
           2          55  -1.0225325632868616E-011
           2          56  -5.1045753685584453E-010
           2          57  -1.1129780650516460E-009
           2          58  -2.9318130291230350E-010
           2          59  -1.1143348564611188E-009
           2          60  -2.1951296831368300E-009
           2          61  -3.0255874342488912E-010
           2          62  -9.6473022060997062E-010
           2          63  -6.3685727269707600E-010
           2          64   1.4947401952162596E-010
           2          65   6.1139611073140539E-012
           2          66   1.4124166738399121E-010
           2          67  -9.7105025261649713E-010
           2          68  -2.8039094041146300E-010
           2          69   2.5461800639012774E-010
           3           1   377.52648677371832     
           3           2   1327.5536542675243     
           3           3   2916.1627134716759     
           3           4  -1633.6770615140547     
           3           5   3418.2408100425414     
           3           6  -1354.7091941483789     
           3           7   87.282072092050441     
           3           8   4.1417623618711894E-010
           3           9   8.1777803181216330E-011
           3          10   6.4545431787855714E-011
           3          11   5.9139003969965516E-009
           3          12   1.3708711455048276E-009
           3          13   1.4251186308492740E-009
           3          14   5.6291778060994843E-008
           3          15   2.1469139140082474E-008
           3          16   1.1546571938251093E-007
           3          17  -5.8074927294480105E-008
           3          18  -2.4267940443755810E-008
           3          19  -1.4699882499823823E-007
           3          20   1.3808621170348033E-008
           3          21   6.4282617650617219E-009
           3          22   4.2068727264422490E-008
           3          23  -6.8832616905580268E-011
           3          24  -2.2495209229412410E-010
           3          25  -1.8295320087745899E-009
           3          26  -1843.5892639450792     
           3          27  -2.5640334983139524E-011
           3          28  -1843.5892639451183     
           3          29  -4.2480795627596211E-011
           3          30   2.2904405343562559E-011
           3          31  -1843.5892639451583     
           3          32   318.59143932630332     
           3          33  -3.8327694724657894E-011
           3          34   318.59143932608697     
           3          35  -7.7357347408421789E-011
           3          36   3.8395552238867087E-011
           3          37   318.59143932615711     
           3          38  -317.84882064252508     
           3          39   8.4500353305720238E-011
           3          40  -317.84882064226821     
           3          41   7.0330566644934740E-011
           3          42  -2.0129103525794046E-011
           3          43  -317.84882064236473     
           3          44  -74.401124864340545     
           3          45  -4.4991976278620352E-011
           3          46  -74.401124864439467     
           3          47  -1.2694185092488007E-011
           3          48  -1.8258510571506642E-011
           3          49  -74.401124864392315     
           3          50  -4.2088744642230897E-009
           3          51  -4.3453736464204620E-010
           3          52  -1.8771298138624858E-009
           3          53  -1.0747395257862557E-009
           3          54  -9.9124716814807917E-010
           3          55  -4.3724966704782643E-012
           3          56  -1.0034442468812329E-009
           3          57  -1.9035563851027072E-009
           3          58  -4.7506567975289942E-010
           3          59  -2.1661581037567170E-009
           3          60  -4.3638788252612105E-009
           3          61  -4.7183675859797667E-010
           3          62  -1.9231871841613766E-009
           3          63  -9.8788152494494780E-010
           3          64   3.6055756619585264E-010
           3          65  -1.3706816046907334E-011
           3          66   3.5326196382547611E-010
           3          67  -1.9546378298173207E-009
           3          68  -4.2051738964232024E-010
           3          69   7.2835527288779555E-010
           4           1  -294.86046988788013     
           4           2  -1007.4429612593561     
           4           3  -1633.6770615140547     
           4           4   2393.7021837364191     
           4           5  -1285.6067395006535     
           4           6   515.37644066605515     
           4           7   24.575476517794513     
           4           8  -3.0096895033958114E-010
           4           9  -2.0627188569818487E-010
           4          10  -6.5109765247023346E-011
           4          11  -4.7456737557525864E-009
           4          12  -2.8436546211109541E-009
           4          13  -1.4136376931457608E-009
           4          14  -1.0587976768308766E-007
           4          15  -2.8833219789753573E-008
           4          16  -9.8000453963808674E-008
           4          17   1.2560840938388113E-007
           4          18   3.0188488809613363E-008
           4          19   1.2408432785861791E-007
           4          20  -3.4102147187304886E-008
           4          21  -7.4152630929095063E-009
           4          22  -3.5399685652288540E-008
           4          23   1.1066718254734664E-009
           4          24   1.0767027347532512E-010
           4          25   1.4762758425573210E-009
           4          26   741.66593595511301     
           4          27  -3.4711609520112009E-011
           4          28   741.66593595519862     
           4          29   3.5762385719795710E-011
           4          30   2.4248872295259763E-011
           4          31   741.66593595517918     
           4          32  -819.75827682798172     
           4          33   1.3209876442635214E-011
           4          34  -819.75827682784245     
           4          35   2.3267673103524040E-011
           4          36   4.1977509779036998E-011
           4          37  -819.75827682789804     
           4          38  -77.514580239559550     
           4          39  -2.4354085228203477E-011
           4          40  -77.514580239748753     
           4          41  -5.3156979527673772E-011
           4          42  -4.3368447237702695E-011
           4          43  -77.514580239671858     
           4          44  -44.536972241759223     
           4          45   2.4346303708612734E-011
           4          46  -44.536972241677525     
           4          47   2.9301823013035950E-011
           4          48   3.2325285600788302E-011
           4          49  -44.536972241685966     
           4          50   4.0792421620081585E-009
           4          51   9.2394604853169515E-010
           4          52   1.8254579655115382E-009
           4          53   2.0199320644566367E-009
           4          54   8.5073367751033729E-010
           4          55  -3.1774874945704841E-011
           4          56   9.2049559211827862E-010
           4          57   1.7984042742148121E-009
           4          58   9.0463036947110630E-010
           4          59   1.9783238261585490E-009
           4          60   2.5512909944991560E-009
           4          61   9.6863569068924691E-010
           4          62   1.1238750287531328E-009
           4          63   2.1506389586599875E-009
           4          64  -1.4102567934583573E-010
           4          65   4.7568411750319097E-011
           4          66  -1.6086748977956329E-010
           4          67   1.1553892605606199E-009
           4          68   9.5842249898793693E-010
           4          69  -3.9238340620163557E-010
           5           1   367.24033001803321     
           5           2   1332.0679837296798     
           5           3   3418.2408100425414     
           5           4  -1285.6067395006535     
           5           5   6100.3971346144326     
           5           6  -2108.0470918068504     
           5           7   569.87837963428262     
           5           8   6.9771109809533059E-011
           5           9   3.8324293212120484E-010
           5          10  -1.4966189784645483E-010
           5          11   2.2274349430176778E-009
           5          12   3.6134994764452295E-009
           5          13   1.1763885672446702E-009
           5          14  -3.7711967052235794E-008
           5          15   2.9415731729485858E-008
           5          16   1.6831668439054021E-007
           5          17   5.5888730296848677E-008
           5          18  -2.9153684164569031E-008
           5          19  -2.1594412993377289E-007
           5          20  -1.7599156607365575E-008
           5          21   7.0252496654165135E-009
           5          22   6.2453074877416139E-008
           5          23   1.3238818902052296E-009
           5          24   7.8993051064725681E-012
           5          25  -2.6180332106895964E-009
           5          26  -2663.1097364079524     
           5          27   4.0238870580248070E-010
           5          28  -2663.1097364084249     
           5          29  -2.7543034366739749E-010
           5          30  -2.4224866021891774E-010
           5          31  -2663.1097364083989     
           5          32  -303.27386753299726     
           5          33  -3.8363863279976883E-012
           5          34  -303.27386753330927     
           5          35  -5.6718169798920932E-011
           5          36  -4.1810102309942733E-010
           5          37  -303.27386753332951     
           5          38  -781.43529616265209     
           5          39  -8.1608031040153839E-011
           5          40  -781.43529616216563     
           5          41   4.5488411713053691E-010
           5          42   3.8102165848631257E-010
           5          43  -781.43529616212072     
           5          44  -391.83333546294955     
           5          45  -4.0211832769083182E-011
           5          46  -391.83333546310666     
           5          47  -3.3387938136398652E-010
           5          48  -2.4171899392743449E-010
           5          49  -391.83333546334478     
           5          50  -1.0733436964361449E-009
           5          51  -1.2895915678853014E-009
           5          52  -4.0577515204208474E-010
           5          53  -2.2330238241919998E-009
           5          54  -9.1737212304230395E-010
           5          55   2.1449593545324188E-010
           5          56  -1.3879110246181672E-009
           5          57  -1.7099529282937127E-010
           5          58  -1.1989718163888916E-009
           5          59  -2.7870070774017265E-009
           5          60  -2.9551422735962320E-009
           5          61  -1.3094081650098889E-009
           5          62  -1.3512090066631595E-009
           5          63  -3.0534097990179898E-009
           5          64   3.8649167455343341E-010
           5          65  -3.1705132976721280E-010
           5          66   5.1766979157648592E-010
           5          67  -1.5532520135239352E-009
           5          68  -1.2758498908239652E-009
           5          69   1.7943674428558938E-009
           6           1  -152.57031755656499     
           6           2  -547.77581237305355     
           6           3  -1354.7091941483789     
           6           4   515.37644066605515     
           6           5  -2108.0470918068504     
           6           6   764.43333091146894     
           6           7  -152.16227955318823     
           6           8  -8.5590594922629583E-011
           6           9  -6.6606039027546366E-011
           6          10   1.7877710131360007E-011
           6          11  -1.5053738806616201E-009
           6          12  -6.2411670927238902E-010
           6          13  -5.5931315477420564E-010
           6          14  -8.5573694341879548E-010
           6          15  -8.9498571458033611E-009
           6          16  -5.5978513732201135E-008
           6          17  -2.9659962228715422E-009
           6          18   1.0043729189520464E-008
           6          19   7.1446064578733525E-008
           6          20   1.6862392187282658E-009
           6          21  -2.6987201936254389E-009
           6          22  -2.0552775872894732E-008
           6          23  -2.9075602900496137E-010
           6          24   7.6131278228494131E-011
           6          25   8.6847862290903461E-010
           6          26   990.65964357771429     
           6          27  -8.5966270693162949E-011
           6          28   990.65964357782832     
           6          29   6.9743480095273902E-011
           6          30   4.8116430642834106E-011
           6          31   990.65964357783082     
           6          32   49.724107704577669     
           6          33   1.2305745800493530E-011
           6          34   49.724107704686922     
           6          35   3.0383716687982383E-011
           6          36   8.3641387449429419E-011
           6          37   49.724107704681650     
           6          38   258.20041105305353     
           6          39  -1.3975172467146215E-012
           6          40   258.20041105289675     
           6          41  -1.1714250822321854E-010
           6          42  -7.9317920186778861E-011
           6          43   258.20041105290255     
           6          44   109.87492035438341     
           6          45   1.8362928868690496E-011
           6          46   109.87492035443671     
           6          47   7.7220838229331726E-011
           6          48   5.7249729461012217E-011
           6          49   109.87492035448076     
           6          50   9.5710965377532667E-010
           6          51   2.3970248760850756E-010
           6          52   4.0981343426527466E-010
           6          53   4.1495196232796820E-010
           6          54   3.8232374221505489E-010
           6          55  -4.5746040503317281E-011
           6          56   4.8779517518084973E-010
           6          57   3.6430631164240594E-010
           6          58   2.2986789974785465E-010
           6          59   1.0057275769723814E-009
           6          60   1.3938351386265060E-009
           6          61   2.1884515950496794E-010
           6          62   6.2458016700684123E-010
           6          63   5.0321549550794787E-010
           6          64  -1.1602852219885800E-010
           6          65   7.2319368133710152E-011
           6          66  -1.4289100185088506E-010
           6          67   6.7592522861261702E-010
           6          68   1.9981711564613953E-010
           6          69  -4.4808076743750301E-010
           7           1  -2.3540548177962775     
           7           2  -8.6084711354391885E-002
           7           3   87.282072092050441     
           7           4   24.575476517794513     
           7           5   569.87837963428262     
           7           6  -152.16227955318823     
           7           7   110.52376641016723     
           7           8  -5.9435429230380678E-011
           7           9   1.0244128699150547E-010
           7          10  -7.3159045173272063E-011
           7          11  -5.6594930321952206E-010
           7          12   9.1022209084117081E-010
           7          13  -3.2361575327234362E-010
           7          14  -1.7737643525340410E-008
           7          15   1.7255658222910823E-009
           7          16   1.3662415112619924E-008
           7          17   2.1883236445889586E-008
           7          18   2.8137076165047643E-011
           7          19  -1.8502622625022034E-008
           7          20  -6.1032991915760029E-009
           7          21  -3.9458916854208544E-010
           7          22   5.5952235681814348E-009
           7          23   2.9587527428604708E-010
           7          24   1.1376837564674190E-010
           7          25  -2.4208533320410578E-010
           7          26  -160.02022689510497     
           7          27   1.0294818351599587E-010
           7          28  -160.02022689520871     
           7          29  -5.5319916874891627E-011
           7          30  -6.4918137493236242E-011
           7          31  -160.02022689519154     
           7          32  -118.81478173315865     
           7          33   1.1917124776675347E-011
           7          34  -118.81478173318384     
           7          35   6.2054746685176679E-012
           7          36  -1.1363697349973505E-010
           7          37  -118.81478173320383     
           7          38  -93.921470194816180     
           7          39  -4.3361161752539392E-011
           7          40  -93.921470194759777     
           7          41   9.2168273241143267E-011
           7          42   9.9372033771083245E-011
           7          43  -93.921470194726936     
           7          44  -70.536225995139745     
           7          45   1.9130473876427988E-012
           7          46  -70.536225995154197     
           7          47  -7.7815241637151553E-011
           7          48  -5.4408889191375842E-011
           7          49  -70.536225995223731     
           7          50   5.0267055384402034E-010
           7          51  -3.0658512995832503E-010
           7          52   2.4104649402717595E-010
           7          53  -4.9888383341573443E-010
           7          54   8.5910197442828021E-011
           7          55   5.4132068407662390E-011
           7          56  -2.6755860560693568E-011
           7          57   3.0594042145316680E-010
           7          58  -2.7260439822272354E-010
           7          59  -1.7236436708081928E-012
           7          60   1.3380987346333922E-010
           7          61  -3.5234060653940318E-010
           7          62   4.5718144372921493E-011
           7          63  -8.3581284166870492E-010
           7          64   1.1729177534811370E-010
           7          65  -7.4411140943316244E-011
           7          66   1.5170924869039466E-010
           7          67   4.5818273087902159E-012
           7          68  -3.5812475832255657E-010
           7          69   5.1030805831139268E-010
           8           1   6.4199946365754778E-011
           8           2   2.2878090179303941E-010
           8           3   4.1417623618711894E-010
           8           4  -3.0096895033958114E-010
           8           5   6.9771109809533059E-011
           8           6  -8.5590594922629583E-011
           8           7  -5.9435429230380678E-011
           8           8  0.80546306455194361     
           8           9   3.2842895070223083E-012
           8          10  -8.0050549524462680E-014
           8          11   10.166399017298897     
           8          12   4.3854919695714948E-011
           8          13   9.0788487838560504E-012
           8          14   21.934507726393541     
           8          15  -1.4120971059132733E-010
           8          16   1.4834822259484083E-010
           8          17  -2.4569085842636316     
           8          18   2.7202418095844339E-010
           8          19  -1.7820100950396834E-010
           8          20  -4.3760017653565546     
           8          21  -8.8858698177329159E-011
           8          22   5.3794524390533839E-011
           8          23   1.0742518399776895     
           8          24   1.7277707042857304E-012
           8          25  -6.5992159653507652E-012
           8          26  -1.6990211172528087E-010
           8          27   1.1681566630036757E-012
           8          28  -1.7189754661732178E-010
           8          29   3.7091733585002376E-012
           8          30   1.0537989888711486E-013
           8          31  -1.6575085796343837E-010
           8          32   1.6092668493070225E-010
           8          33   8.6190720499318399E-013
           8          34   1.6135874578747516E-010
           8          35  -9.2139878704520109E-014
           8          36  -3.9884051463534631E-012
           8          37   1.6373993449055894E-010
           8          38   2.7751530312978166E-011
           8          39  -2.8974661341604182E-012
           8          40   2.9422123447051285E-011
           8          41  -6.1564453883822389E-012
           8          42   1.9840346447698770E-012
           8          43   2.4609165181314416E-011
           8          44   3.6671602957717088E-011
           8          45   1.4667789740001831E-012
           8          46   4.0678593226033517E-011
           8          47   2.9045573997757464E-012
           8          48   7.8125652773309899E-014
           8          49   4.3650537103589107E-011
           8          50  -6.4262414185503642     
           8          51  -1.9474144519193812E-011
           8          52  -2.8739025303379182     
           8          53  -2.0761614649696109E-011
           8          54  -3.0859689803469131E-012
           8          55  -4.6203190485855665E-012
           8          56  -5.5979804125483446E-012
           8          57  -2.8739025303416619     
           8          58  -1.2649215008763344E-011
           8          59  -7.0265737672657492E-012
           8          60  -8.7159806328579101     
           8          61  -9.6462837717570091E-012
           8          62  -3.8979050371294162     
           8          63  -3.2989944109827769E-011
           8          64  -2.0356424879056742E-012
           8          65  -2.9090753699246998E-013
           8          66  -2.6561530752617933E-012
           8          67  -3.8979050371285413     
           8          68  -1.6924628365443620E-011
           8          69  -2.6764146454538111E-012
           9           1   1.2556064688895245E-011
           9           2   4.9519219136047444E-011
           9           3   8.1777803181216330E-011
           9           4  -2.0627188569818487E-010
           9           5   3.8324293212120484E-010
           9           6  -6.6606039027546366E-011
           9           7   1.0244128699150547E-010
           9           8   3.2842895070223083E-012
           9           9  0.80546306454009997     
           9          10   5.3692814081976130E-013
           9          11   3.4729996656930816E-012
           9          12   10.166399017213333     
           9          13   5.4011239923645048E-012
           9          14   1.2884449063299899E-010
           9          15   21.934507725839715     
           9          16   2.5330404439175208E-011
           9          17  -1.6157919446952823E-010
           9          18  -2.4569085837728579     
           9          19  -1.9941825966701681E-011
           9          20   4.2686743029425060E-011
           9          21  -4.3760017654440659     
           9          22   9.0554230776522181E-012
           9          23   8.3488771458835373E-014
           9          24   1.0742518399693410     
           9          25  -8.4367235419891040E-012
           9          26  -9.0020580674787902E-011
           9          27  -1.3940784884238931E-012
           9          28  -8.9818627440166995E-011
           9          29   2.3611934508008360E-012
           9          30  -6.5880216103666834E-013
           9          31  -9.0177292354986505E-011
           9          32   1.0255434091490093E-011
           9          33   1.6463339049916638E-012
           9          34   1.0549103788902629E-011
           9          35  -1.4566045168433641E-012
           9          36   1.3157205702727130E-012
           9          37   1.2804472538855816E-011
           9          38  -5.3457307733913780E-011
           9          39  -4.1459457504435018E-012
           9          40  -4.9788325974597749E-011
           9          41  -1.7597186150769408E-013
           9          42  -4.7193425977920129E-012
           9          43  -5.4509926046026465E-011
           9          44  -5.9696081834999283E-011
           9          45   2.5179089785073382E-012
           9          46  -5.6683524614615368E-011
           9          47  -1.5492233593304342E-012
           9          48   3.7654824678078286E-012
           9          49  -5.6334090211558263E-011
           9          50  -6.4346306061796894E-012
           9          51  -2.8739025303159957     
           9          52   2.2537527377047317E-014
           9          53  -6.4262414184918182     
           9          54   4.2753300905454993E-013
           9          55  -2.6087840460685794E-014
           9          56   2.9415359041165033E-013
           9          57  -5.2896576009236359E-013
           9          58  -2.8739025303158021     
           9          59  -5.8123228451504667E-012
           9          60   1.6051604489574520E-012
           9          61  -3.8979050370967214     
           9          62  -1.0827450047888549E-012
           9          63  -8.7159806327890017     
           9          64  -5.6677440518479172E-012
           9          65  -9.2874330440505122E-013
           9          66  -3.3100189255959803E-012
           9          67  -2.9964919437691074E-013
           9          68  -3.8979050370970119     
           9          69  -2.8438362767648415E-013
          10           1   1.2242867473875034E-011
          10           2   4.9899478163741533E-011
          10           3   6.4545431787855714E-011
          10           4  -6.5109765247023346E-011
          10           5  -1.4966189784645483E-010
          10           6   1.7877710131360007E-011
          10           7  -7.3159045173272063E-011
          10           8  -8.0050549524462680E-014
          10           9   5.3692814081976130E-013
          10          10  0.80546306454253980     
          10          11   8.1679107891901504E-013
          10          12  -2.7465807404813308E-012
          10          13   10.166399017234001     
          10          14  -2.1330492931355996E-011
          10          15   1.8467449793361943E-011
          10          16   21.934507726038891     
          10          17   2.9404922945150541E-011
          10          18  -2.2819079960804361E-011
          10          19  -2.4569085839817859     
          10          20  -1.0413891972051754E-011
          10          21   6.3467009429861382E-012
          10          22  -4.3760017653957650     
          10          23   1.6193955898121267E-012
          10          24  -9.7432478754267308E-013
          10          25   1.0742518399712866     
          10          26   9.8456742800481121E-012
          10          27   6.0282233825488782E-013
          10          28   1.1087238326030258E-011
          10          29   2.4433711991074481E-012
          10          30  -1.7824124654806196E-012
          10          31   1.0101818006265562E-011
          10          32   6.4775986096409016E-011
          10          33  -1.2121116269427473E-012
          10          34   6.9186219108319047E-011
          10          35   4.4842645863297191E-012
          10          36   9.8504684106621025E-014
          10          37   6.9928134306166887E-011
          10          38   3.4115503746916101E-011
          10          39   2.8556482559218971E-012
          10          40   3.2115770371120891E-011
          10          41  -6.6908390024724578E-012
          10          42   2.5590635804202515E-012
          10          43   3.5030957707121987E-011
          10          44   3.9925322526340671E-011
          10          45  -7.5498489621176743E-013
          10          46   4.3824274365623688E-011
          10          47   3.9051489533217614E-012
          10          48  -3.3125421792910269E-012
          10          49   4.0789839600228082E-011
          10          50   1.6095735858063300E-012
          10          51   2.8115565431386057E-012
          10          52   1.8171297800905456E-012
          10          53  -5.3379523041539696E-013
          10          54  -2.8739025303208354     
          10          55  -1.9998549620928468E-012
          10          56  -2.8739025303236554     
          10          57  -4.2990611066207633E-013
          10          58   3.0042357490271723E-012
          10          59  -6.4262414185083276     
          10          60  -2.0920765097821959E-013
          10          61   5.7386040360009164E-013
          10          62   5.8600346808682361E-013
          10          63   2.2784274466673149E-012
          10          64  -3.8979050371007831     
          10          65   4.8416303254183676E-013
          10          66  -3.8979050371028525     
          10          67  -1.0385095559766345E-012
          10          68  -6.4833555191484587E-012
          10          69  -8.7159806328021716     
          11           1   9.1448072189753323E-010
          11           2   3.2472638489863235E-009
          11           3   5.9139003969965516E-009
          11           4  -4.7456737557525864E-009
          11           5   2.2274349430176778E-009
          11           6  -1.5053738806616201E-009
          11           7  -5.6594930321952206E-010
          11           8   10.166399017298897     
          11           9   3.4729996656930816E-012
          11          10   8.1679107891901504E-013
          11          11   128.48720943935965     
          11          12   8.5755402778413073E-011
          11          13   1.4569723205456544E-010
          11          14   306.24468216072250     
          11          15  -1.6981402950537418E-009
          11          16   1.1846701397399586E-009
          11          17  -69.108804457544821     
          11          18   2.1093455870932414E-009
          11          19  -1.2663150527899087E-009
          11          20  -44.178292862458775     
          11          21  -4.9661252887886236E-010
          11          22   3.7645264682636203E-010
          11          23   13.066336678490822     
          11          24  -4.9460435746963547E-011
          11          25  -6.5004307492087233E-011
          11          26  -2.6361964688893709E-009
          11          27   1.6875201839111749E-011
          11          28  -2.6613357855307046E-009
          11          29   4.8732982284861446E-011
          11          30   2.7425979925959016E-012
          11          31  -2.5803111430509890E-009
          11          32   2.1709540469386433E-009
          11          33   8.1858641758364097E-012
          11          34   2.1705120115328251E-009
          11          35  -5.0445065350054279E-012
          11          36  -5.4915951722423543E-011
          11          37   2.1948171500388829E-009
          11          38   2.5504996067751742E-010
          11          39  -3.3873062546751139E-011
          11          40   2.7600651915070003E-010
          11          41  -7.5082895316598285E-011
          11          42   2.8409854213705279E-011
          11          43   2.1912098621729153E-010
          11          44   3.6466480016638401E-010
          11          45   1.8106650890666299E-011
          11          46   4.1330421181779939E-010
          11          47   3.4430515732869613E-011
          11          48  -3.8974904943253142E-013
          11          49   4.5339179363886226E-010
          11          50  -81.580270251905276     
          11          51  -1.2242917790673204E-010
          11          52  -36.483805981178485     
          11          53   2.2872370664716139E-011
          11          54  -4.6086023885016820E-011
          11          55  -5.8534876410333309E-011
          11          56  -7.4503736512895897E-011
          11          57  -36.483805981226254     
          11          58  -3.4241942614586167E-011
          11          59  -9.7675201258894576E-011
          11          60  -109.56742042380712     
          11          61   6.8745897863349277E-011
          11          62  -49.000040037400069     
          11          63   7.6081363433027179E-012
          11          64  -4.4860781755784863E-011
          11          65  -5.0892700186935918E-012
          11          66  -5.4134363658062803E-011
          11          67  -49.000040037387656     
          11          68  -2.1865176336065943E-011
          11          69  -7.7439166189276802E-011
          12           1   2.4069040451575479E-010
          12           2   8.8575112800871150E-010
          12           3   1.3708711455048276E-009
          12           4  -2.8436546211109541E-009
          12           5   3.6134994764452295E-009
          12           6  -6.2411670927238902E-010
          12           7   9.1022209084117081E-010
          12           8   4.3854919695714948E-011
          12           9   10.166399017213333     
          12          10  -2.7465807404813308E-012
          12          11   8.5755402778413073E-011
          12          12   128.48720943905423     
          12          13  -5.4940940684760163E-011
          12          14   2.4623716399158103E-009
          12          15   306.24468215255064     
          12          16   1.5753442995677302E-010
          12          17  -3.0274236451011943E-009
          12          18  -69.108804447791385     
          12          19  -3.6267522319926695E-010
          12          20   8.0720496953120643E-010
          12          21  -44.178292864993864     
          12          22   2.0767743081108319E-010
          12          23  -7.9858342161840138E-012
          12          24   13.066336678517846     
          12          25  -1.2019663042662547E-010
