           1           1   35.556132667375280     
           1           2   117.04962128330715     
           1           3   225.04433988825204     
           1           4   38.008993214300204     
           1           5   13.190943401246557     
           1           6  -25.851169414844961     
           1           7   3.3872292385292564     
           1           8  -6.0308560739950196E-011
           1           9  -1.7421972938364517E-010
           1          10   1.3634496237541062E-011
           1          11  -5.3709463228754606E-010
           1          12  -1.4661078111423364E-009
           1          13   1.0236852338949431E-010
           1          14  -1.4703738318472184E-009
           1          15  -4.5132833276743578E-009
           1          16   2.7105417799337576E-010
           1          17   1.1769194400299821E-009
           1          18   4.6147612646857475E-009
           1          19  -2.0582766918975468E-010
           1          20  -2.8271242250279591E-010
           1          21  -1.6494241900017833E-009
           1          22   4.0778263982089310E-011
           1          23  -4.6860715580173153E-011
           1          24  -9.8988393447804644E-012
           1          25   1.2414273312096502E-011
           1          26  -102.82194704534241     
           1          27   2.0124256851503715E-011
           1          28  -102.82194704533043     
           1          29   3.8338376173849599E-012
           1          30   1.6576882728335314E-011
           1          31  -102.82194704535331     
           1          32   41.493576135293651     
           1          33   3.8685240141603876E-011
           1          34   41.493576135310931     
           1          35   2.6162490015447211E-012
           1          36   3.3302965612183055E-011
           1          37   41.493576135285849     
           1          38  -16.901152994499576     
           1          39  -5.2490589602493803E-011
           1          40  -16.901152994524324     
           1          41  -6.6057133276477405E-012
           1          42  -4.7665854190530087E-011
           1          43  -16.901152994488243     
           1          44   6.8049750469465451     
           1          45   1.7024082461322221E-011
           1          46   6.8049750469513848     
           1          47   3.0961646409511064E-012
           1          48   1.7455553593249226E-011
           1          49   6.8049750469414514     
           1          50   2.9307090403883815E-010
           1          51   4.1230809845922325E-010
           1          52   1.3035257926244858E-010
           1          53   9.2344810509508161E-010
           1          54  -2.6708890078014221E-011
           1          55   2.5353734293192083E-012
           1          56  -3.1194426194761698E-011
           1          57   1.3492895278917364E-010
           1          58   4.1263097637316371E-010
           1          59  -5.1448273238166326E-011
           1          60   3.2873766927710748E-010
           1          61   3.0006307396862742E-010
           1          62   1.4890089247688161E-010
           1          63   6.6244868724286317E-010
           1          64  -2.8040493645889843E-011
           1          65  -2.0467976696053659E-012
           1          66  -2.0907261432087568E-011
           1          67   1.4488306639814888E-010
           1          68   3.0445865185729632E-010
           1          69  -6.8038454472959583E-011
           2           1   117.04962128330715     
           2           2   385.45499910051575     
           2           3   744.89120986468049     
           2           4   129.43658285544004     
           2           5   49.512707916321936     
           2           6  -89.226831937946415     
           2           7   12.134313899974600     
           2           8  -2.9430334973042550E-010
           2           9  -5.8486933826069914E-010
           2          10   7.4180790902925373E-011
           2          11  -2.5390838012801760E-009
           2          12  -4.9810708313501447E-009
           2          13   6.1366910715577563E-010
           2          14  -7.3371644022408191E-009
           2          15  -1.5513464909673757E-008
           2          16   1.8545492066753679E-009
           2          17   6.7244167704662624E-009
           2          18   1.5965978769753561E-008
           2          19  -1.7385543028889296E-009
           2          20  -2.0762731547296170E-009
           2          21  -5.7598200268218546E-009
           2          22   5.5233311804229793E-010
           2          23  -1.1678902936617336E-010
           2          24  -1.6334174091560469E-011
           2          25   2.9725357249908316E-011
           2          26  -340.92137456088949     
           2          27   6.7170156495885496E-011
           2          28  -340.92137456084765     
           2          29   1.1388945537336950E-011
           2          30   5.4749426650345938E-011
           2          31  -340.92137456092274     
           2          32   134.23751537178231     
           2          33   1.2629834631148919E-010
           2          34   134.23751537183603     
           2          35   1.0880130760777706E-011
           2          36   1.0990669541732361E-010
           2          37   134.23751537175215     
           2          38  -55.674228342120387     
           2          39  -1.7231202977531057E-010
           2          40  -55.674228342200379     
           2          41  -2.3152020736406958E-011
           2          42  -1.5733500545542931E-010
           2          43  -55.674228342080482     
           2          44   25.156125397522672     
           2          45   5.5954763200918514E-011
           2          46   25.156125397538467     
           2          47   1.0435130667027859E-011
           2          48   5.7613032303286529E-011
           2          49   25.156125397505498     
           2          50   1.4937198033133088E-009
           2          51   1.4036860337528626E-009
           2          52   6.6566289295494496E-010
           2          53   3.1437039558202622E-009
           2          54  -1.6873919509437331E-010
           2          55   8.3880957892479435E-012
           2          56  -1.8352076195721250E-010
           2          57   6.8077674567803300E-010
           2          58   1.4047229547971444E-009
           2          59  -3.4986804844494414E-010
           2          60   1.3448468929143062E-009
           2          61   1.0220409423898643E-009
           2          62   6.0762580139317750E-010
           2          63   2.2572061126966615E-009
           2          64  -1.4798970961885639E-010
           2          65  -6.7582111185573535E-012
           2          66  -1.2444960211447403E-010
           2          67   5.9434412136031494E-010
           2          68   1.0366084542393386E-009
           2          69  -3.4862096537129857E-010
           3           1   225.04433988825204     
           3           2   744.89120986468049     
           3           3   1557.1981041366980     
           3           4   495.73464676583211     
           3           5   222.08737361977188     
           3           6  -321.42821367066489     
           3           7   48.932610053016546     
           3           8  -8.2316070842240076E-010
           3           9  -1.2220367804484421E-009
           3          10   1.7643183936056649E-010
           3          11  -6.6840402265002092E-009
           3          12  -1.0915452199529619E-008
           3          13   1.6455128858487636E-009
           3          14  -2.1707275668900329E-008
           3          15  -3.3707915777735795E-008
           3          16   5.1930802993129360E-009
           3          17   2.3517795385030999E-008
           3          18   3.4218089722704757E-008
           3          19  -5.1888385153422308E-009
           3          20  -9.0180880883452270E-009
           3          21  -1.2147198373524645E-008
           3          22   1.8074691916898263E-009
           3          23   1.7343516696814153E-010
           3          24  -1.0089790526807775E-010
           3          25   3.2677332223039095E-011
           3          26  -721.60696198112907     
           3          27   1.3781676117345009E-010
           3          28  -721.60696198104324     
           3          29   2.0963093190537176E-011
           3          30   1.1240499899130467E-010
           3          31  -721.60696198119263     
           3          32   192.15297921878209     
           3          33   2.5174746663512717E-010
           3          34   192.15297921888055     
           3          35   3.0048127080854456E-011
           3          36   2.2424057217509737E-010
           3          37   192.15297921870814     
           3          38  -133.76137398372273     
           3          39  -3.4575905154117000E-010
           3          40  -133.76137398387425     
           3          41  -5.4285337525804417E-011
           3          42  -3.2331610623484566E-010
           3          43  -133.76137398362920     
           3          44   100.96129316585200     
           3          45   1.1083321946132242E-010
           3          46   100.96129316588190     
           3          47   2.3460180954383342E-011
           3          48   1.1973200070553417E-010
           3          49   100.96129316581491     
           3          50   4.3645131053558108E-009
           3          51   3.0453469296306177E-009
           3          52   1.9438624237310912E-009
           3          53   6.8218593467696683E-009
           3          54  -4.6437627473435566E-010
           3          55   1.6173614799121063E-011
           3          56  -4.9165023958310706E-010
           3          57   1.9763929639491923E-009
           3          58   3.0459642053972520E-009
           3          59  -9.8231704101944140E-010
           3          60   2.7973809192912664E-009
           3          61   2.2927117771245743E-009
           3          62   1.2654190021195954E-009
           3          63   5.0713785753380231E-009
           3          64  -3.6989874475468008E-010
           3          65  -1.3082299417570778E-011
           3          66  -3.2481710682167872E-010
           3          67   1.2365463210073819E-009
           3          68   2.3233155383805534E-009
           3          69  -8.6159084391398823E-010
           4           1   38.008993214300204     
           4           2   129.43658285544004     
           4           3   495.73464676583211     
           4           4   2068.0061848308637     
           4           5  -542.98206603694643     
           4           6  -635.78738852958077     
           4           7  -7.6781038187879531     
           4           8  -7.2203583815587832E-011
           4           9  -1.8382682547197731E-010
           4          10  -2.3953076404038192E-010
           4          11   6.3339138901191736E-010
           4          12  -3.1009229833811815E-009
           4          13  -1.6980019923534969E-009
           4          14   1.1478125922176652E-009
           4          15  -1.0017560877420128E-008
           4          16  -5.0250745030615229E-009
           4          17   8.9363913928815806E-010
           4          18   1.0348228879190270E-008
           4          19   4.7587820357069930E-009
           4          20  -1.2238200043012935E-009
           4          21  -3.7964092854135280E-009
           4          22  -1.5877769074012011E-009
           4          23   3.0756138859237652E-010
           4          24   3.1959937506556800E-011
           4          25  -1.5454905449785019E-011
           4          26  -124.56195336930787     
           4          27   6.6910256603447590E-011
           4          28  -124.56195336939236     
           4          29  -3.2744617909117706E-012
           4          30   5.1219252251333000E-011
           4          31  -124.56195336938094     
           4          32   1.0280977429964862     
           4          33   1.3066536506893225E-010
           4          34   1.0280977429337730     
           4          35   3.6012634597050994E-011
           4          36   1.2632999054029925E-010
           4          37   1.0280977429163030     
           4          38  -415.30231158690975     
           4          39  -2.0575061717094721E-010
           4          40  -415.30231158676622     
           4          41  -4.7232748192010668E-011
           4          42  -2.0100653016415501E-010
           4          43  -415.30231158676759     
           4          44  -318.92571537321362     
           4          45   7.1528488525787485E-011
           4          46  -318.92571537325148     
           4          47   1.2430565733761394E-011
           4          48   9.5320718789331698E-011
           4          49  -318.92571537323499     
           4          50  -7.2765270336631226E-011
           4          51   8.5410512867443509E-010
           4          52  -8.6049160276832079E-011
           4          53   1.9402613624880405E-009
           4          54   4.5867336226159033E-010
           4          55  -1.3809176403145427E-011
           4          56   4.7788240794487968E-010
           4          57  -4.7661154403976878E-011
           4          58   8.4394923004334039E-010
           4          59   1.0008403238088497E-009
           4          60  -9.0371905858971476E-010
           4          61   6.6372486211536500E-010
           4          62  -3.5833495630514226E-010
           4          63   1.5079676214630665E-009
           4          64   3.8533623948337063E-010
           4          65   4.7947385517540226E-012
           4          66   3.6637638629863071E-010
           4          67  -3.9133559531445182E-010
           4          68   6.6823345447662397E-010
           4          69   9.0438303183927578E-010
           5           1   13.190943401246557     
           5           2   49.512707916321936     
           5           3   222.08737361977188     
           5           4  -542.98206603694643     
           5           5   590.47968788611627     
           5           6  -10.889757143671147     
           5           7   64.283326483350038     
           5           8  -4.7868511259889691E-010
           5           9  -2.5855526883898667E-010
           5          10   1.8346759296743363E-010
           5          11  -3.9247579964738393E-009
           5          12  -2.4690323628514875E-009
           5          13   1.6788004248324154E-009
           5          14  -1.5396016952494812E-008
           5          15  -7.0233410568778593E-009
           5          16   5.2650154415406674E-009
           5          17   1.9560728955210150E-008
           5          18   6.4905658601608722E-009
           5          19  -5.5526565370472622E-009
           5          20  -8.6886780686916812E-009
           5          21  -2.0075026903649171E-009
           5          22   2.0826539189645354E-009
           5          23   5.3444710207062442E-010
           5          24  -1.3013983422970779E-010
           5          25  -3.6709830495861445E-011
           5          26  -177.05789880849807     
           5          27  -6.9998461619101795E-012
           5          28  -177.05789880844642     
           5          29   9.3683661625931392E-012
           5          30  -7.9019536952355661E-013
           5          31  -177.05789880849079     
           5          32  -107.43542733471890     
           5          33   2.9749738199993353E-013
           5          34  -107.43542733464966     
           5          35  -6.7743628537248164E-012
           5          36  -9.0215528857678960E-013
           5          37  -107.43542733468082     
           5          38   150.97281236190173     
           5          39   2.1577059070237382E-011
           5          40   150.97281236178844     
           5          41   3.3699524655220462E-012
           5          42   1.3642513370011211E-011
           5          43   150.97281236185111     
           5          44   297.20205334763034     
           5          45  -1.4519935011073102E-011
           5          46   297.20205334765649     
           5          47   3.0402077427656358E-012
           5          48  -1.4900995319893856E-011
           5          49   297.20205334763068     
           5          50   2.9142912360935730E-009
           5          51   6.5887462035949965E-010
           5          52   1.3240515461590754E-009
           5          53   1.4641437837997900E-009
           5          54  -4.8754959018231926E-010
           5          55   1.0050621619552702E-011
           5          56  -4.9975708201853851E-010
           5          57   1.3151975832554611E-009
           5          58   6.6166303856992318E-010
           5          59  -1.0614704606221720E-009
           5          60   1.0918856226745152E-009
           5          61   5.6795098698524777E-010
           5          62   4.7064510828640712E-010
           5          63   1.2462756665128709E-009
           5          64  -3.1965006294275261E-010
           5          65  -4.7636242115188485E-012
           5          66  -3.0290259455970777E-010
           5          67   4.7739481137441401E-010
           5          68   5.7545064922618568E-010
           5          69  -7.4411245124295776E-010
           6           1  -25.851169414844961     
           6           2  -89.226831937946415     
           6           3  -321.42821367066489     
           6           4  -635.78738852958077     
           6           5  -10.889757143671147     
           6           6   266.79648225259348     
           6           7  -22.405294953904608     
           6           8  -3.7382165369032601E-011
           6           9   1.1636633881888438E-010
           6          10   7.8555543995827864E-010
           6          11  -7.6676215077569638E-010
           6          12   1.8495627207188933E-009
           6          13   6.9096313914565183E-009
           6          14   3.0289681080341206E-010
           6          15   6.1108707279392769E-009
           6          16   2.1778118293485104E-008
           6          17  -3.8205526058229673E-009
           6          18  -6.1987833862286292E-009
           6          19  -2.1311507949819328E-008
           6          20   2.9143547780445142E-009
           6          21   2.2305512046630060E-009
           6          22   7.3257192476662865E-009
           6          23  -5.1380622958481092E-010
           6          24   4.8453017711605994E-012
           6          25   1.2707378611952450E-010
           6          26   134.80618178216224     
           6          27   1.2128136175230876E-011
           6          28   134.80618178225382     
           6          29  -3.8660244485596906E-011
           6          30  -1.4458852111811600E-011
           6          31   134.80618178229892     
           6          32   35.291136604771658     
           6          33  -1.2442092252937654E-010
           6          34   35.291136604637046     
           6          35   4.6701489877098001E-011
           6          36  -7.0055613140835702E-011
           6          37   35.291136604611879     
           6          38   112.72177380031229     
           6          39   1.2018820883756165E-010
           6          40   112.72177380037577     
           6          41  -1.4644378743091649E-011
           6          42   9.1511567762058139E-011
           6          43   112.72177380037385     
           6          44   13.064315065658715     
           6          45  -3.0461447899860390E-011
           6          46   13.064315065654245     
           6          47  -2.6396073660557796E-012
           6          48  -3.6532894965103699E-011
           6          49   13.064315065655805     
           6          50   4.4795841004732397E-011
           6          51  -4.9944711638753255E-010
           6          52   3.3838111325032652E-011
           6          53  -1.1258397692818665E-009
           6          54  -1.8617145456520498E-009
           6          55   1.3322552576171972E-012
           6          56  -1.8641167489641376E-009
           6          57   2.0987822055192366E-011
           6          58  -4.9644742436825589E-010
           6          59  -4.1652391097660795E-009
           6          60   1.0801615993928155E-009
           6          61  -4.3679965145718626E-010
           6          62   4.7101428771431643E-010
           6          63  -9.7592832546821984E-010
           6          64  -1.6497730675139662E-009
           6          65   2.0557585889257415E-013
           6          66  -1.6496307186829156E-009
           6          67   4.8240904119095144E-010
           6          68  -4.4220326402197602E-010
           6          69  -3.6941833294832593E-009
           7           1   3.3872292385292564     
           7           2   12.134313899974600     
           7           3   48.932610053016546     
           7           4  -7.6781038187879531     
           7           5   64.283326483350038     
           7           6  -22.405294953904608     
           7           7   8.6875120917963216     
           7           8   3.4132557432772313E-011
           7           9  -3.8032578148492645E-011
           7          10  -1.0331974642722105E-010
           7          11   3.6401967892115834E-010
           7          12  -4.3101549357065405E-010
           7          13  -8.9100792615030866E-010
           7          14   9.4783045448160352E-010
           7          15  -1.3959968573193465E-009
           7          16  -2.7999734154884793E-009
           7          17  -7.9529959037945666E-010
           7          18   1.4610219109058383E-009
           7          19   2.7779959979698933E-009
           7          20   2.0886132782860025E-010
           7          21  -5.3994499458155799E-010
           7          22  -9.6716736354704343E-010
           7          23   2.7141988974760019E-011
           7          24   1.8631059271315937E-012
           7          25  -1.4309058414697196E-011
           7          26  -29.516725543260126     
           7          27  -1.6968094404366737E-012
           7          28  -29.516725543262762     
           7          29   7.2048319657157531E-012
           7          30   4.2603990429471384E-012
           7          31  -29.516725543272912     
           7          32  -14.472431521932075     
           7          33   9.7367635096227643E-012
           7          34  -14.472431521912554     
           7          35  -9.6202591953509049E-012
           7          36   6.4923645854909676E-014
           7          37  -14.472431521910767     
           7          38   7.2664767293662296     
           7          39  -7.0668342019077072E-012
           7          40   7.2664767293482715     
           7          41   4.4740067859885407E-012
           7          42  -2.6834294926116891E-012
           7          43   7.2664767293533243     
           7          44   30.873986597773651     
           7          45   8.1818711393285143E-013
           7          46   30.873986597776913     
           7          47   1.7506196019939601E-013
           7          48   9.0261922532179911E-013
           7          49   30.873986597774241     
           7          50  -2.1009908521338622E-010
           7          51   1.2150156883302673E-010
           7          52  -9.2830923731073432E-011
           7          53   2.7142117866015783E-010
           7          54   2.4280947572745329E-010
           7          55   9.6685667569370513E-013
           7          56   2.4170147035646577E-010
           7          57  -9.2768358532473649E-011
           7          58   1.2156080894571665E-010
           7          59   5.4618811606420160E-010
           7          60  -1.9344772140396592E-010
           7          61   9.0753976070304036E-011
           7          62  -8.7453090953951320E-011
           7          63   2.0034516732392149E-010
           7          64   2.0510859472257218E-010
           7          65  -5.2284661857875080E-013
           7          66   2.0687785458542155E-010
           7          67  -8.7627023019354145E-011
           7          68   9.1979647143795099E-011
           7          69   4.5591035970797002E-010
           8           1  -6.0308560739950196E-011
           8           2  -2.9430334973042550E-010
           8           3  -8.2316070842240076E-010
           8           4  -7.2203583815587832E-011
           8           5  -4.7868511259889691E-010
           8           6  -3.7382165369032601E-011
           8           7   3.4132557432772313E-011
           8           8   5.4940557581444214     
           8           9  -2.2543633626588163E-012
           8          10   1.5633438987803044E-011
           8          11   45.280617484821114     
           8          12   7.9987683143633028E-012
           8          13   3.7698996702137934E-011
           8          14   135.95042204948470     
           8          15  -1.7173729105474104E-010
           8          16   3.4769243040249247E-010
           8          17  -139.03156869759781     
           8          18   1.1301293234562132E-010
           8          19  -3.1691049784403335E-010
           8          20   49.676527596340605     
           8          21  -8.0793927104122689E-011
           8          22   8.1737283608184554E-011
           8          23  0.24494159629162082     
           8          24   2.6323209237345606E-011
           8          25   1.5808469984441900E-011
           8          26   4.3348708674377093E-010
           8          27  -1.4406061090303538E-011
           8          28   4.4697280061464919E-010
           8          29   2.2489615477953451E-011
           8          30  -1.6217981666293105E-011
           8          31   4.2002202555941603E-010
           8          32   8.1484792998473639E-011
           8          33  -1.8505915349418298E-012
           8          34   6.3233524793640065E-012
           8          35   2.6256603368574897E-011
           8          36  -2.9789519092159987E-011
           8          37   3.6846944173472338E-011
           8          38  -6.5705692558748858E-012
           8          39   3.1588052867747842E-011
           8          40   1.0371064518085330E-010
           8          41  -7.6199881894216087E-012
           8          42   2.9038088664569847E-011
           8          43   4.6107072223493628E-011
           8          44  -1.6717896953370727E-010
           8          45  -2.9531179285056426E-011
           8          46  -2.4269409467462319E-010
           8          47  -2.1681472460406602E-012
           8          48  -2.5783755467094303E-012
           8          49  -1.8444464892003182E-010
           8          50  -28.771291882654246     
           8          51  -1.0878936640374903E-012
           8          52  -12.866912890049470     
           8          53  -6.8554051324548431E-012
           8          54   2.9475095975064548E-011
           8          55  -1.3512879581104140E-011
           8          56  -4.4177564384454794E-011
           8          57  -12.866912889978922     
           8          58  -2.3242519020517629E-011
           8          59  -3.1968414027079563E-011
           8          60  -19.753711205996442     
           8          61   2.3318930120188140E-011
           8          62  -8.8341282129280305     
           8          63   9.1186225237277595E-011
           8          64  -7.2608585810492036E-011
           8          65   1.7825402954127640E-011
           8          66  -3.5625308258968210E-011
           8          67  -8.8341282129383529     
           8          68   3.2225361268330501E-011
           8          69  -4.2425840618437454E-011
           9           1  -1.7421972938364517E-010
           9           2  -5.8486933826069914E-010
           9           3  -1.2220367804484421E-009
           9           4  -1.8382682547197731E-010
           9           5  -2.5855526883898667E-010
           9           6   1.1636633881888438E-010
           9           7  -3.8032578148492645E-011
           9           8  -2.2543633626588163E-012
           9           9   5.4940557581588934     
           9          10   5.2580786946733832E-012
           9          11  -6.9917807654643607E-011
           9          12   45.280617484682963     
           9          13   1.3409988397498007E-011
           9          14  -2.7964963678066518E-010
           9          15   135.95042204901162     
           9          16  -1.0120904114852856E-011
           9          17   3.3057045989431704E-010
           9          18  -139.03156869720939     
           9          19   7.4170225516983910E-011
           9          20  -1.2446188524248929E-010
           9          21   49.676527596267043     
           9          22  -6.9710626160488933E-011
           9          23  -9.2654564576292257E-012
           9          24  0.24494159624572201     
           9          25   2.7671475354158237E-011
           9          26   5.8995782327204661E-010
           9          27   2.0859926360897669E-011
           9          28   5.8237124139509208E-010
           9          29  -1.1629987726288897E-011
           9          30   1.2279235046988765E-011
           9          31   5.8783346560234326E-010
           9          32  -1.4814843910874285E-010
           9          33   1.0696000783137055E-011
           9          34  -1.4385300355508884E-010
           9          35  -1.1938628864787653E-012
           9          36   9.5322959353101049E-012
           9          37  -1.1596927493392666E-010
           9          38   8.7160472027554511E-011
           9          39  -4.3892862347380548E-011
           9          40   3.7685124824328582E-011
           9          41   1.1405112181628408E-011
           9          42  -1.7900803368227944E-011
           9          43   5.6710272178554741E-011
           9          44  -1.2352777421071258E-010
           9          45   3.8085983397766182E-011
           9          46  -7.3671462481831537E-011
           9          47   5.9999028637560862E-012
           9          48   1.6138717861247705E-012
           9          49  -9.4418816977849800E-011
           9          50   4.9860282569369817E-011
           9          51  -12.866912890003075     
           9          52   2.9563726466910632E-011
           9          53  -28.771291882570736     
           9          54  -2.4794964692546055E-011
           9          55   8.8623737712066710E-013
           9          56  -6.0629903875339726E-012
           9          57   1.8544873969800606E-011
           9          58  -12.866912890006398     
           9          59   2.3014298800021998E-011
           9          60   1.8664958467677313E-011
           9          61  -8.8341282128568270     
           9          62   1.3176765234472820E-011
           9          63  -19.753711205948903     
           9          64   9.9671521036726379E-012
           9          65   1.4925557437337681E-011
           9          66  -8.5742801747399783E-012
           9          67   1.2030126894645513E-011
           9          68  -8.8341282128549867     
           9          69  -1.5264317587668771E-011
          10           1   1.3634496237541062E-011
          10           2   7.4180790902925373E-011
          10           3   1.7643183936056649E-010
          10           4  -2.3953076404038192E-010
          10           5   1.8346759296743363E-010
          10           6   7.8555543995827864E-010
          10           7  -1.0331974642722105E-010
          10           8   1.5633438987803044E-011
          10           9   5.2580786946733832E-012
          10          10   5.4940557581283755     
          10          11   1.1374015618237232E-010
          10          12   1.5703135319844598E-010
          10          13   45.280617484553744     
          10          14   3.7889769100021734E-010
          10          15   5.3433857338799476E-010
          10          16   135.95042204858262     
          10          17  -4.1257186556011934E-010
          10          18  -5.7464399905168874E-010
          10          19  -139.03156869678688     
          10          20   1.5044493428818266E-010
          10          21   2.1288337759272234E-010
          10          22   49.676527596105842     
          10          23  -2.7553402268118668E-012
          10          24   6.1141959550863417E-012
          10          25  0.24494159625739606     
          10          26  -1.8123852523580301E-010
          10          27  -7.5052997886900881E-012
          10          28  -1.5984068221198729E-010
          10          29   3.1125881529958405E-012
          10          30  -7.7250372689110985E-012
          10          31  -1.5975113107344444E-010
          10          32  -4.0116057728770862E-011
          10          33  -2.0454929406609775E-012
          10          34  -2.9309446202328511E-011
          10          35  -1.0493524206489144E-011
          10          36  -1.8276531269331889E-013
          10          37  -5.1599958971049225E-011
          10          38  -1.9099835329187258E-011
          10          39   8.3492134570311504E-012
          10          40  -1.3495203690894201E-011
          10          41   1.4340051961147745E-011
          10          42  -5.5952528470684770E-013
          10          43  -5.8742242614313344E-012
          10          44  -9.6684135224647725E-011
          10          45  -1.0703515322898440E-011
          10          46  -1.2465196734704397E-010
          10          47  -1.7998232600899653E-011
          10          48   5.2410206616042848E-012
          10          49  -1.2008007530113369E-010
          10          50  -7.3133860079010782E-011
          10          51  -3.8274008962171953E-011
          10          52  -3.6412615977971157E-011
          10          53  -1.0674813810673850E-010
          10          54  -12.866912889942075     
          10          55   1.5239200516325937E-012
          10          56  -12.866912889957383     
          10          57  -4.1730036093310247E-011
          10          58  -3.5157585176476450E-011
          10          59  -28.771291882531997     
          10          60  -4.7946591141830426E-011
          10          61  -3.4793459779963906E-011
          10          62  -1.6948886738539531E-011
          10          63  -6.6984140456573425E-011
          10          64  -8.8341282128570580     
          10          65  -1.8469707640273286E-011
          10          66  -8.8341282128329901     
          10          67  -1.2691708795036570E-011
          10          68  -3.3323607762083892E-011
          10          69  -19.753711205844322     
          11           1  -5.3709463228754606E-010
          11           2  -2.5390838012801760E-009
          11           3  -6.6840402265002092E-009
          11           4   6.3339138901191736E-010
          11           5  -3.9247579964738393E-009
          11           6  -7.6676215077569638E-010
          11           7   3.6401967892115834E-010
          11           8   45.280617484821114     
          11           9  -6.9917807654643607E-011
          11          10   1.1374015618237232E-010
          11          11   383.85718082284166     
          11          12  -3.5604345166584529E-010
          11          13   1.4523098695873197E-010
          11          14   1180.5296706567458     
          11          15  -2.9236966181400393E-009
          11          16   2.4119584107751528E-009
          11          17  -1206.6478552041626     
          11          18   2.5593575037063678E-009
          11          19  -2.0283870139081951E-009
          11          20   432.85985661962513     
          11          21  -1.3331442061392715E-009
          11          22   4.0273118173673787E-010
          11          23   1.5612273256940139     
          11          24   2.5328958895565252E-010
          11          25   1.4961093995624381E-010
          11          26   3.5359082051897939E-009
          11          27  -1.0639025863016988E-010
          11          28   3.6558450671313952E-009
          11          29   2.0584679511006487E-010
          11          30  -1.1094882836875613E-010
          11          31   3.4204346697846281E-009
          11          32   5.0558937473037346E-010
          11          33   3.4039285185702571E-011
          11          34  -1.7307289884822694E-010
          11          35   2.3022701112550755E-010
          11          36  -2.1892684706096338E-010
          11          37   1.0201197256454476E-010
          11          38  -2.5623439908544684E-010
          11          39   2.1940097643392844E-010
          11          40   7.2832717154827481E-010
          11          41  -6.8025328122902160E-011
          11          42   1.9837422927164222E-010
          11          43   2.1270384153136737E-010
          11          44  -1.4322911606119594E-009
          11          45  -2.4348140366286293E-010
          11          46  -2.0985237484991940E-009
          11          47  -1.8111013078837191E-011
          11          48  -5.6704224040133702E-012
          11          49  -1.5830082606030904E-009
          11          50  -242.06307568407505     
          11          51   1.1840178143485416E-010
          11          52  -108.25389841471764     
          11          53   2.2271107180671423E-010
          11          54   3.2313493547597845E-010
          11          55  -1.1764840931860506E-010
          11          56  -3.3176308228410496E-010
          11          57  -108.25389841408401     
          11          58  -7.9047469958565335E-011
          11          59  -1.5287629495652544E-010
          11          60  -175.32664539288325     
          11          61   2.8069085944437171E-010
          11          62  -78.408459473330765     
          11          63   9.7471841709050522E-010
          11          64  -6.0922586420098329E-010
          11          65   1.5716349844406363E-010
          11          66  -2.8424694542562053E-010
          11          67  -78.408459473424756     
          11          68   3.5829683664444794E-010
          11          69  -3.1067048933409514E-010
          12           1  -1.4661078111423364E-009
          12           2  -4.9810708313501447E-009
          12           3  -1.0915452199529619E-008
          12           4  -3.1009229833811815E-009
          12           5  -2.4690323628514875E-009
          12           6   1.8495627207188933E-009
          12           7  -4.3101549357065405E-010
          12           8   7.9987683143633028E-012
          12           9   45.280617484682963     
          12          10   1.5703135319844598E-010
          12          11  -3.5604345166584529E-010
          12          12   383.85718081934510     
          12          13   1.0659351977471156E-009
          12          14  -1.4247656388022016E-009
          12          15   1180.5296706446661     
          12          16   2.7420717918502390E-009
          12          17   1.5431849131885883E-009
          12          18  -1206.6478551914645     
          12          19  -2.1364408020474225E-009
          12          20  -4.7504289391041848E-010
          12          21   432.85985661512706     
          12          22   3.4802916104580338E-010
          12          23  -1.2062159084058584E-010
          12          24   1.5612273254518407     
          12          25   2.5617064112332359E-010
