           1           1   33.003894441220588     
           1           2   128.10902011828830     
           1           3   236.41147595220363     
           1           4  -218.99094733171614     
           1           5   99.642413333814446     
           1           6   175.17458553977272     
           1           7   1.6025636005738928     
           1           8   1.6767236291732981E-009
           1           9   7.0161571954345644E-010
           1          10  -1.4619743649009770E-010
           1          11   1.7707868498979754E-008
           1          12   7.4146880073096391E-009
           1          13  -1.5516703801800511E-009
           1          14   1.0216902177967091E-007
           1          15   4.2340402217786984E-008
           1          16  -9.0177853379524836E-009
           1          17  -1.0828754592259167E-007
           1          18  -4.4566648574665716E-008
           1          19   9.5587241344266445E-009
           1          20   3.3270706345381694E-008
           1          21   1.3594320220155378E-008
           1          22  -2.9448894258238983E-009
           1          23  -8.3125465598806903E-011
           1          24  -1.1780712581647618E-011
           1          25   1.5932646274734039E-011
           1          26  -127.46218372828105     
           1          27  -1.6084625800782519E-012
           1          28  -127.46218372828625     
           1          29   2.0008313254501596E-012
           1          30  -6.3745104619922290E-013
           1          31  -127.46218372828808     
           1          32   56.091234089688193     
           1          33  -1.3531379824682372E-012
           1          34   56.091234089683148     
           1          35   7.9484676890303070E-012
           1          36  -1.5513881031870865E-012
           1          37   56.091234089687532     
           1          38   25.276761320587021     
           1          39   1.0407293788385898E-012
           1          40   25.276761320596243     
           1          41  -8.6996731125411599E-012
           1          42   8.7134553492812984E-013
           1          43   25.276761320596712     
           1          44  -5.7253818918770172     
           1          45   7.4099456604085411E-013
           1          46  -5.7253818918816037     
           1          47   1.8620589637529674E-012
           1          48   2.6840574592536312E-014
           1          49  -5.7253818918847434     
           1          50  -1.2714358225437073E-008
           1          51  -2.3661232500650299E-009
           1          52  -5.6844304482144964E-009
           1          53  -5.2903492935781538E-009
           1          54   5.0034779457448075E-010
           1          55  -1.8674521055021789E-013
           1          56   4.9567515340465430E-010
           1          57  -5.6820832384413447E-009
           1          58  -2.3667399847108022E-009
           1          59   1.1114626862589805E-009
           1          60  -9.8250862908082661E-009
           1          61  -1.8693638368768787E-009
           1          62  -4.3939536258346071E-009
           1          63  -4.1848292760236109E-009
           1          64   3.8734619008200249E-010
           1          65   6.7111081015947723E-013
           1          66   3.9077541315697140E-010
           1          67  -4.3962198236688425E-009
           1          68  -1.8693544467832064E-009
           1          69   8.7210225730807217E-010
           2           1   128.10902011828830     
           2           2   499.14408441735719     
           2           3   945.86318823978638     
           2           4  -846.11799340681887     
           2           5   435.27697381587899     
           2           6   762.08340138086839     
           2           7   12.381907760211798     
           2           8   6.1754250259638698E-009
           2           9   2.6542179504364169E-009
           2          10  -5.8351786455310665E-010
           2          11   6.5241813396989697E-008
           2          12   2.8051097189101759E-008
           2          13  -6.1663053155373273E-009
           2          14   3.7707164382811601E-007
           2          15   1.6050874568044356E-007
           2          16  -3.5862569905127780E-008
           2          17  -3.9989776674955451E-007
           2          18  -1.6910934045062060E-007
           2          19   3.8052057016167613E-008
           2          20   1.2295088721220567E-007
           2          21   5.1641673972776271E-008
           2          22  -1.1735120653714049E-008
           2          23  -3.3321524907925833E-010
           2          24  -6.1879900754663515E-011
           2          25   6.5647330865314968E-011
           2          26  -527.16211024236463     
           2          27  -6.0090865477794561E-012
           2          28  -527.16211024238555     
           2          29   8.2658371468228819E-012
           2          30  -2.5862914039077828E-012
           2          31  -527.16211024239169     
           2          32   191.15872227754940     
           2          33  -4.5416468842402371E-012
           2          34   191.15872227752709     
           2          35   3.1881154117630981E-011
           2          36  -3.5078240558408586E-012
           2          37   191.15872227754710     
           2          38   101.30794746424552     
           2          39   3.0980114873035778E-012
           2          40   101.30794746428496     
           2          41  -3.5182211811852289E-011
           2          42   2.9787837836598271E-013
           2          43   101.30794746428266     
           2          44  -32.383717087223836     
           2          45   3.8217834477275990E-012
           2          46  -32.383717087243447     
           2          47   7.9738369904873561E-012
           2          48   1.7740822882291484E-012
           2          49  -32.383717087253359     
           2          50  -4.6860821180031716E-008
           2          51  -8.9581672159122801E-009
           2          52  -2.0951707020900929E-008
           2          53  -2.0030196277938149E-008
           2          54   1.9908041576436682E-009
           2          55  -1.8750559047322506E-013
           2          56   1.9709738179464662E-009
           2          57  -2.0941388195273073E-008
           2          58  -8.9605906076247972E-009
           2          59   4.4229348828330683E-009
           2          60  -3.6188700512267353E-008
           2          61  -7.0637765402154264E-009
           2          62  -1.6183617967559004E-008
           2          63  -1.5812246472217283E-008
           2          64   1.5342798681150984E-009
           2          65   1.8119129230010550E-012
           2          66   1.5474693453860025E-009
           2          67  -1.6192322722949271E-008
           2          68  -7.0628928127665474E-009
           2          69   3.4526170156180769E-009
           3           1   236.41147595220363     
           3           2   945.86318823978638     
           3           3   2118.9662595743825     
           3           4  -1491.4382844521856     
           3           5   1435.7513096368111     
           3           6   2472.2698043976770     
           3           7   101.51565279621279     
           3           8   9.2817864443441598E-009
           3           9   5.1958675764245674E-009
           3          10  -1.4679437005712519E-009
           3          11   9.8451591090976618E-008
           3          12   5.4832045247602264E-008
           3          13  -1.5076168504447414E-008
           3          14   5.6477317399887003E-007
           3          15   3.2361076405064499E-007
           3          16  -9.2755828201349590E-008
           3          17  -5.9634424422634986E-007
           3          18  -3.4710461390195068E-007
           3          19   1.0172521317816169E-007
           3          20   1.8243903019667071E-007
           3          21   1.0814834685408997E-007
           3          22  -3.2486081238486083E-008
           3          23  -2.5269398127249664E-010
           3          24  -7.1593450041948336E-010
           3          25   4.5729616971115966E-010
           3          26  -1398.5623514345950     
           3          27  -5.0730430416092508E-012
           3          28  -1398.5623514346476     
           3          29   1.7127149066275254E-011
           3          30   5.2887937111811710E-012
           3          31  -1398.5623514346466     
           3          32   2.9567557457705842     
           3          33  -2.1395445800035745E-012
           3          34   2.9567557457020905     
           3          35   7.8351564938585521E-011
           3          36   1.2650285570790032E-011
           3          37   2.9567557457730667     
           3          38   226.08863943076477     
           3          39  -5.1908813696788184E-012
           3          40   226.08863943088099     
           3          41  -8.6635634884514605E-011
           3          42  -3.2697942678171543E-011
           3          43   226.08863943082508     
           3          44  -191.51559481338572     
           3          45   1.9332034626163769E-011
           3          46  -191.51559481344492     
           3          47   2.5018677283641612E-011
           3          48   2.4597605615956859E-011
           3          49  -191.51559481343347     
           3          50  -7.0423034877001290E-008
           3          51  -1.7797678524603392E-008
           3          52  -3.1499852744306376E-008
           3          53  -3.9807859819130365E-008
           3          54   5.0250864246945538E-009
           3          55   6.6959802144187149E-012
           3          56   4.9659976987409911E-009
           3          57  -3.1464615342662875E-008
           3          58  -1.7802689599359336E-008
           3          59   1.1181880288437092E-008
           3          60  -5.5112256819930864E-008
           3          61  -1.3305555041804516E-008
           3          62  -2.4637749362977085E-008
           3          63  -2.9763321669519286E-008
           3          64   3.4627273771672559E-009
           3          65  -7.3667883249950218E-012
           3          66   3.4853605362727196E-009
           3          67  -2.4652292944638299E-008
           3          68  -1.3292359770634979E-008
           3          69   7.7663256984836864E-009
           4           1  -218.99094733171614     
           4           2  -846.11799340681887     
           4           3  -1491.4382844521856     
           4           4   1960.2193942474867     
           4           5  -799.71960124731686     
           4           6  -1534.0139910762061     
           4           7  -74.603295843576660     
           4           8  -9.0259174536265023E-009
           4           9  -2.3618536941114514E-009
           4          10  -1.4918660922525698E-010
           4          11  -9.3764755219486437E-008
           4          12  -2.5162221113729173E-008
           4          13  -2.2981106838383592E-010
           4          14  -5.5109412118422571E-007
           4          15  -1.2827276814940500E-007
           4          16  -9.4053770688671303E-009
           4          17   5.8991064383152274E-007
           4          18   1.2514300159661920E-007
           4          19   1.5188492251398718E-008
           4          20  -1.8325609277269548E-007
           4          21  -3.4747073171611310E-008
           4          22  -6.4145390144411410E-009
           4          23   1.0100714741530097E-009
           4          24  -8.8764824447688040E-010
           4          25   4.4712768908398607E-010
           4          26   849.68230021067745     
           4          27   1.6561097375246894E-011
           4          28   849.68230021071088     
           4          29  -1.9645325864499894E-011
           4          30   2.2561945298642037E-011
           4          31   849.68230021072236     
           4          32  -388.80636674874114     
           4          33   2.0134416654019685E-011
           4          34  -388.80636674869510     
           4          35  -4.5521689897716152E-011
           4          36   1.2328504867654164E-011
           4          37  -388.80636674874785     
           4          38  -245.78747078581637     
           4          39  -1.8835065438207900E-011
           4          40  -245.78747078589447     
           4          41   5.7270288692590751E-011
           4          42  -1.4175376849428480E-011
           4          43  -245.78747078588694     
           4          44   87.328068308242763     
           4          45  -2.1005491275736730E-012
           4          46   87.328068308282027     
           4          47  -9.9574505783245016E-012
           4          48   1.0189219493492364E-011
           4          49   87.328068308306086     
           4          50   6.7932598068419352E-008
           4          51   7.5736330945541565E-009
           4          52   3.0364416133821187E-008
           4          53   1.6917736558107175E-008
           4          54   3.1117353915131737E-010
           4          55   6.5015788271915609E-013
           4          56   3.3549253716265639E-010
           4          57   3.0357641380765941E-008
           4          58   7.5735400224367872E-009
           4          59   7.3830320666121786E-010
           4          60   5.1008235388496335E-008
           4          61   7.1735057669641962E-009
           4          62   2.2816731454614579E-008
           4          63   1.6097576394947928E-008
           4          64  -3.9904580962790503E-010
           4          65  -1.2332740132544867E-011
           4          66  -4.2481710014059971E-010
           4          67   2.2840412369529201E-008
           4          68   7.1852307192594648E-009
           4          69  -9.2355665986373148E-010
           5           1   99.642413333814446     
           5           2   435.27697381587899     
           5           3   1435.7513096368111     
           5           4  -799.71960124731686     
           5           5   1673.2691491538349     
           5           6   2918.6018975628153     
           5           7   201.51242808327569     
           5           8   4.3144225874765989E-011
           5           9   1.6033122093347557E-009
           5          10  -6.4971988363783020E-010
           5          11   3.5580113456225456E-010
           5          12   1.6889156282684137E-008
           5          13  -6.7190208832205475E-009
           5          14  -1.3034929659068818E-009
           5          15   1.0772298798311768E-007
           5          16  -4.4516145058602414E-008
           5          17   3.2898951240723356E-009
           5          18  -1.2042547602993200E-007
           5          19   5.0874785341483018E-008
           5          20  -1.6820502913774425E-009
           5          21   3.9212445166452463E-008
           5          22  -1.6927186704086631E-008
           5          23   1.7964153030681308E-010
           5          24  -7.1727109361989523E-010
           5          25   4.0658719751856898E-010
           5          26  -1258.9737290182070     
           5          27   2.3438278436259426E-012
           5          28  -1258.9737290182536     
           5          29   1.1306080177731445E-011
           5          30   1.7845260035169150E-011
           5          31  -1258.9737290182313     
           5          32  -537.85672528313057     
           5          33   4.8780307179502506E-012
           5          34  -537.85672528320470     
           5          35   6.2680305971469331E-011
           5          36   2.1308029352889067E-011
           5          37  -537.85672528311125     
           5          38   199.86110447923178     
           5          39  -1.3860232837266297E-011
           5          40   199.86110447935567     
           5          41  -7.1954958573288742E-011
           5          42  -5.4259602871524103E-011
           5          43   199.86110447924682     
           5          44  -314.55871490833522     
           5          45   2.5991715481080470E-011
           5          46  -314.55871490840070     
           5          47   2.5587007424462700E-011
           5          48   3.7129630437351229E-011
           5          49  -314.55871490835131     
           5          50  -4.2234521502647303E-011
           5          51  -5.7220641547416256E-009
           5          52  -4.2025028437882573E-011
           5          53  -1.2811468822312294E-008
           5          54   2.3500879361095463E-009
           5          55   1.4186373371686955E-011
           5          56   2.2936265617562931E-009
           5          57  -6.6603403525165036E-012
           5          58  -5.7227036546328103E-009
           5          59   5.2327587648019202E-009
           5          60  -5.2721730551131193E-010
           5          61  -3.6865270116083520E-009
           5          62  -2.2151341690077697E-010
           5          63  -8.2299315143459600E-009
           5          64   1.3493394498016394E-009
           5          65  -1.5530258881047555E-011
           5          66   1.3578744859072507E-009
           5          67  -2.3004663114957713E-010
           5          68  -3.6693651900179411E-009
           5          69   2.9959564657442788E-009
           6           1   175.17458553977272     
           6           2   762.08340138086839     
           6           3   2472.2698043976770     
           6           4  -1534.0139910762061     
           6           5   2918.6018975628153     
           6           6   5125.3297980823581     
           6           7   362.62612992566460     
           6           8  -8.7093268051683059E-009
           6           9  -1.6685644779980124E-009
           6          10   4.1661334119202585E-010
           6          11  -9.2351274572916667E-008
           6          12  -1.7462338688266928E-008
           6          13   4.2406355676337207E-009
           6          14  -5.2181213207889147E-007
           6          15  -9.0362526046299854E-008
           6          16   1.8121867009734085E-008
           6          17   5.5226080326995374E-007
           6          18   9.1895266760989569E-008
           6          19  -1.5784461549129669E-008
           6          20  -1.6942639755879656E-007
           6          21  -2.6821167661140112E-008
           6          22   3.6341947892882668E-009
           6          23   2.3180522174298671E-010
           6          24  -3.9186467842297876E-010
           6          25   3.5680445625029429E-010
           6          26  -2176.3311774785520     
           6          27   9.8704903636214296E-012
           6          28  -2176.3311774786166     
           6          29   2.6238609768409517E-011
           6          30   4.3939774800646902E-013
           6          31  -2176.3311774785916     
           6          32  -910.41069796470163     
           6          33  -4.5779701822375337E-012
           6          34  -910.41069796485260     
           6          35   1.0028299431976217E-010
           6          36   6.8278116044175885E-011
           6          37  -910.41069796466820     
           6          38   366.63219453916372     
           6          39  -1.5144583230552021E-011
           6          40   366.63219453939246     
           6          41  -1.2096058338739437E-010
           6          42  -1.0833301188789411E-010
           6          43   366.63219453919379     
           6          44  -553.12008543813090     
           6          45   4.3213720573521575E-011
           6          46  -553.12008543824743     
           6          47   4.3027830895505776E-011
           6          48   6.3247642186014977E-011
           6          49  -553.12008543816262     
           6          50   6.6552748530488966E-008
           6          51   5.4658089952545768E-009
           6          52   2.9725243526059561E-008
           6          53   1.2197409724794595E-008
           6          54  -1.1854660415987052E-009
           6          55   2.4454220679735885E-011
           6          56  -1.2811167170573526E-009
           6          57   2.9783858742311298E-008
           6          58   5.4657383020084153E-009
           6          59  -2.6881496870335386E-009
           6          60   5.0028367766940428E-008
           6          61   4.3895142064557706E-009
           6          62   2.2396528705582472E-008
           6          63   9.8309078459980424E-009
           6          64  -1.2779872185135964E-009
           6          65  -2.4455318066811479E-011
           6          66  -1.2621053628806715E-009
           6          67   2.2379314819230056E-008
           6          68   4.4158229641590758E-009
           6          69  -2.8955379711483500E-009
           7           1   1.6025636005738928     
           7           2   12.381907760211798     
           7           3   101.51565279621279     
           7           4  -74.603295843576660     
           7           5   201.51242808327569     
           7           6   362.62612992566460     
           7           7   32.207761035775505     
           7           8  -3.3477936522693812E-009
           7           9  -1.4196528519942626E-009
           7          10   4.3077639926693706E-010
           7          11  -3.5442489084342010E-008
           7          12  -1.4931013110766916E-008
           7          13   4.4430214633118828E-009
           7          14  -2.0000217000815762E-007
           7          15  -8.6598771009218137E-008
           7          16   2.5423446878706886E-008
           7          17   2.1108714927538786E-007
           7          18   9.2796135225829128E-008
           7          19  -2.7026965216812558E-008
           7          20  -6.4549942971757841E-008
           7          21  -2.8861790039387809E-008
           7          22   8.3320748695520347E-009
           7          23   4.3784284605602922E-011
           7          24   1.5330608658313293E-010
           7          25  -2.4570740120220591E-011
           7          26  -123.91467947416854     
           7          27   2.6174323959464190E-012
           7          28  -123.91467947416905     
           7          29   2.6771638121109481E-012
           7          30  -6.0236670550622075E-012
           7          31  -123.91467947416682     
           7          32  -90.746675659512576     
           7          33  -2.7648533668725811E-012
           7          34  -90.746675659526730     
           7          35   3.2558141776734583E-012
           7          36   1.2257113815308339E-011
           7          37  -90.746675659511652     
           7          38   24.799637627194482     
           7          39   4.1172500296630032E-013
           7          40   24.799637627211990     
           7          41  -5.6053509836392410E-012
           7          42  -1.1745068700314414E-011
           7          43   24.799637627195189     
           7          44  -44.606768914770100     
           7          45   2.7656931123477554E-012
           7          46  -44.606768914778399     
           7          47   2.4365353128450968E-012
           7          48   4.6945579088824332E-012
           7          49  -44.606768914770797     
           7          50   2.5448261647085673E-008
           7          51   4.8565123735849336E-009
           7          52   1.1377606219557626E-008
           7          53   1.0858388614122513E-008
           7          54  -1.4345946288199059E-009
           7          55   2.0241471407350012E-012
           7          56  -1.4399104671917157E-009
           7          57   1.1380730013638888E-008
           7          58   4.8570209519535551E-009
           7          59  -3.2076489272593304E-009
           7          60   1.9409838867527655E-008
           7          61   3.5463081630773108E-009
           7          62   8.6818375307098023E-009
           7          63   7.9310403187509185E-009
           7          64  -1.0725450729501425E-009
           7          65  -1.6198951232971134E-012
           7          66  -1.0723527847637649E-009
           7          67   8.6807271811261298E-009
           7          68   3.5475547776231317E-009
           7          69  -2.4040150601555861E-009
           8           1   1.6767236291732981E-009
           8           2   6.1754250259638698E-009
           8           3   9.2817864443441598E-009
           8           4  -9.0259174536265023E-009
           8           5   4.3144225874765989E-011
           8           6  -8.7093268051683059E-009
           8           7  -3.3477936522693812E-009
           8           8   1.8180913789980744     
           8           9   4.8624521078699374E-011
           8          10   3.5298151978483020E-014
           8          11   19.264191048582425     
           8          12   5.0884452209928942E-010
           8          13   4.4502734820045788E-011
           8          14   95.541624896629628     
           8          15   1.5141417010866455E-009
           8          16   1.9269341670523898E-010
           8          17  -93.606593839434041     
           8          18  -9.4077634592128304E-010
           8          19   7.9102058322237619E-011
           8          20   26.102408897450292     
           8          21   6.0325078335845309E-011
           8          22  -1.6337575739598150E-010
           8          23  0.69002625640431292     
           8          24   5.0098092339339205E-011
           8          25   5.3318120752594910E-011
           8          26  -2.2014791395512186E-009
           8          27  -2.4887090137327431E-011
           8          28  -2.2408514923257668E-009
           8          29   3.9007764010769405E-012
           8          30   3.1148704256028356E-012
           8          31  -2.2243721686220736E-009
           8          32   5.7682793694891011E-009
           8          33  -3.4783541798876990E-011
           8          34   5.7293147764889675E-009
           8          35  -1.9770166860914898E-011
           8          36  -2.0429650067227859E-011
           8          37   5.6985339510075347E-009
           8          38   2.6128773102779256E-009
           8          39   4.1315896832133610E-011
           8          40   2.7116821132976916E-009
           8          41   2.0395707780723906E-011
           8          42  -1.0652884070060195E-011
           8          43   2.7275879120200794E-009
           8          44   3.4559483027362185E-009
           8          45  -1.0666541405673389E-011
           8          46   3.3867959861006975E-009
           8          47   1.8707518471875130E-011
           8          48   1.3107045368123257E-011
           8          49   3.4080929761952302E-009
           8          50  -13.128432450861796     
           8          51  -1.5074541615890743E-010
           8          52  -5.8712134796458226     
           8          53  -2.7839153206967057E-010
           8          54   8.5853824087773182E-012
           8          55   7.8241112103893483E-012
           8          56  -1.4280826517612273E-011
           8          57  -5.8712134796081985     
           8          58  -1.2640710701308183E-010
           8          59   2.1917467924992837E-012
           8          60  -11.675301551810565     
           8          61  -1.4987794339437031E-010
           8          62  -5.2213535855061775     
           8          63  -3.6577407770379878E-010
           8          64  -8.2218870598725007E-011
           8          65  -2.8031270888009579E-012
           8          66  -5.7892884928480431E-011
           8          67  -5.2213535855198963     
           8          68  -1.6690560045645102E-010
           8          69  -8.9365514983742140E-011
           9           1   7.0161571954345644E-010
           9           2   2.6542179504364169E-009
           9           3   5.1958675764245674E-009
           9           4  -2.3618536941114514E-009
           9           5   1.6033122093347557E-009
           9           6  -1.6685644779980124E-009
           9           7  -1.4196528519942626E-009
           9           8   4.8624521078699374E-011
           9           9   1.8180913790341962     
           9          10   1.1107156853228528E-012
           9          11   3.6523717386599292E-010
           9          12   19.264191048874100     
           9          13  -9.1170376809816196E-011
           9          14   2.0107187028396360E-009
           9          15   95.541624898287225     
           9          16  -6.8802452628391321E-010
           9          17  -2.1091537407690162E-009
           9          18  -93.606593841272883     
           9          19   7.5960948647283883E-010
           9          20   6.3667293666826270E-010
           9          21   26.102408898050648     
           9          22  -2.1636181736816480E-010
           9          23  -8.0053463878000363E-012
           9          24  0.69002625637309067     
           9          25  -1.2920308919517100E-011
           9          26  -2.1580247688403953E-009
           9          27   3.2833021130168512E-011
           9          28  -2.1467688334848168E-009
           9          29  -6.4204314055062892E-012
           9          30  -1.5634365591736322E-011
           9          31  -2.1816766330928808E-009
           9          32   1.3313372966177015E-009
           9          33   2.9132784263551684E-011
           9          34   1.3636446736037560E-009
           9          35   9.9928827601861598E-012
           9          36   1.4338286921755309E-011
           9          37   1.3366050429821524E-009
           9          38   1.1512149997752275E-009
           9          39  -4.2637215216907839E-011
           9          40   1.0863273948962949E-009
           9          41  -9.1245820488536749E-012
           9          42   5.9345490429746289E-012
           9          43   1.1667226668411536E-009
           9          44   1.2497970525335842E-009
           9          45   1.9730197058084913E-011
           9          46   1.2893205301303925E-009
           9          47  -1.1514921414360038E-011
           9          48   5.0951227073729250E-014
           9          49   1.2259401836635223E-009
           9          50  -2.4673818546066510E-010
           9          51  -5.8712134797248732     
           9          52  -1.2929068927564649E-010
           9          53  -13.128432451101339     
           9          54   2.1534676821753487E-011
           9          55  -1.4546051959004182E-011
           9          56   4.5987325061300864E-011
           9          57  -1.4314771591287068E-010
           9          58  -5.8712134797251112     
           9          59   4.8567760929058755E-011
           9          60  -1.9391643847391099E-010
           9          61  -5.2213535855883100     
           9          62  -7.7308492945789612E-011
           9          63  -11.675301551917190     
           9          64   5.0723328316498252E-011
           9          65   9.7172668690350920E-012
           9          66   2.6418776889499678E-011
           9          67  -1.0471357115253110E-010
           9          68  -5.2213535855847244     
           9          69   4.3054934620087210E-011
          10           1  -1.4619743649009770E-010
          10           2  -5.8351786455310665E-010
          10           3  -1.4679437005712519E-009
          10           4  -1.4918660922525698E-010
          10           5  -6.4971988363783020E-010
          10           6   4.1661334119202585E-010
          10           7   4.3077639926693706E-010
          10           8   3.5298151978483020E-014
          10           9   1.1107156853228528E-012
          10          10   1.8180913790249407     
          10          11   7.2444938921975645E-011
          10          12  -5.2144455428252761E-011
          10          13   19.264191048633620     
          10          14   4.7247361568630596E-010
          10          15   4.7469139674756919E-011
          10          16   95.541624897661251     
          10          17  -4.9424198055837914E-010
          10          18  -2.2837509654711132E-010
          10          19  -93.606593841062377     
          10          20   1.5493784029587780E-010
          10          21   1.3869561053027264E-010
          10          22   26.102408898135575     
          10          23   1.2646654557978263E-011
          10          24  -3.1169161001615950E-011
          10          25  0.69002625632456849     
          10          26   7.1457978248036722E-010
          10          27  -1.3686471270512511E-011
          10          28   7.0689941150600811E-010
          10          29   1.8882335350456024E-012
          10          30   5.5798076402282243E-012
          10          31   7.2882385449426734E-010
          10          32  -3.7654616079785851E-011
          10          33  -1.4216972202742851E-011
          10          34  -4.9223654015354787E-011
          10          35  -1.4210015905249407E-011
          10          36  -8.1586585631382796E-012
          10          37  -4.2350749422980106E-011
          10          38  -2.7540772667269582E-010
          10          39   9.4523832340668903E-012
          10          40  -2.4809908689776311E-010
          10          41   1.1747128309848393E-011
          10          42  -5.9767062938998025E-012
          10          43  -2.9074458304865847E-010
          10          44  -3.4728800892211555E-010
          10          45   2.0834910828860268E-012
          10          46  -3.6693527413766857E-010
          10          47   4.8053052346087779E-012
          10          48   3.7470506792707903E-012
          10          49  -3.3592093583478725E-010
          10          50  -5.8428040172231300E-011
          10          51   1.5746015630929672E-012
          10          52  -1.7391144075179062E-011
          10          53   3.4185404513543112E-011
          10          54  -5.8712134796765358     
          10          55   1.0888667681949571E-011
          10          56  -5.8712134796685449     
          10          57  -1.5040468818374596E-012
          10          58   1.2627426884750725E-011
          10          59  -13.128432450939417     
          10          60  -5.2018056522779673E-011
          10          61   3.5784153419720611E-011
          10          62  -3.0186630969931359E-011
          10          63   5.0401238741474128E-011
          10          64  -5.2213535854901876     
          10          65  -7.7805551742071063E-012
          10          66  -5.2213535854860735     
          10          67  -2.3352125785921972E-011
          10          68   1.9598878077509839E-011
          10          69  -11.675301551708642     
          11           1   1.7707868498979754E-008
          11           2   6.5241813396989697E-008
          11           3   9.8451591090976618E-008
          11           4  -9.3764755219486437E-008
          11           5   3.5580113456225456E-010
          11           6  -9.2351274572916667E-008
          11           7  -3.5442489084342010E-008
          11           8   19.264191048582425     
          11           9   3.6523717386599292E-010
          11          10   7.2444938921975645E-011
          11          11   204.16190524687320     
          11          12   3.8518450654172865E-009
          11          13   1.2109726553670171E-009
          11          14   1007.7559073674461     
          11          15   4.6271964058127499E-009
          11          16   7.6867010526211727E-009
          11          17  -984.24665796701061     
          11          18   3.6733638330120567E-009
          11          19  -6.0005902459533509E-009
          11          20   273.29510172683575     
          11          21  -4.0880507859924503E-009
          11          22   6.7233685253384809E-010
          11          23   7.5810601001948630     
          11          24   6.9065242411873184E-010
          11          25   4.7526799163737041E-010
          11          26  -2.3481244261835717E-008
          11          27  -2.4607623648096920E-010
          11          28  -2.3910714097450161E-008
          11          29   4.0124816291874919E-011
          11          30   1.4718440950386521E-011
          11          31  -2.3709328355761279E-008
          11          32   6.0673137956036993E-008
          11          33  -3.8024615295843966E-010
          11          34   6.0289705253938778E-008
          11          35  -2.0592585064853157E-010
          11          36  -1.9014388672208259E-010
          11          37   5.9922832196375853E-008
          11          38   2.7334335471602874E-008
          11          39   4.3925188626691229E-010
          11          40   2.8354615016433635E-008
          11          41   2.1305837485223223E-010
          11          42  -1.2444518897108986E-010
          11          43   2.8550610398503591E-008
          11          44   3.6512832615221599E-008
          11          45  -1.1169081294443572E-010
          11          46   3.5791405062806129E-008
          11          47   1.9485839754024028E-010
          11          48   1.3961569532965356E-010
          11          49   3.6007139287718776E-008
          11          50  -138.86324306025631     
          11          51  -1.0295053699452712E-009
          11          52  -62.101530211946368     
          11          53  -1.6891732459522317E-009
          11          54  -1.8765189398120843E-010
          11          55   8.0809132208836396E-011
          11          56  -4.2577452670490596E-010
          11          57  -62.101530211553424     
          11          58  -7.7385564633255756E-010
          11          59  -5.9773430640086822E-010
          11          60  -124.18735872501765     
          11          61  -1.3340990535063378E-009
          11          62  -55.538275210793145     
          11          63  -3.3037981240871040E-009
          11          64  -9.7879992997396994E-010
          11          65  -2.7857295778743078E-011
          11          66  -7.2554273697939320E-010
          11          67  -55.538275210938366     
          11          68  -1.5126300212928732E-009
          11          69  -1.2016010408411688E-009
          12           1   7.4146880073096391E-009
          12           2   2.8051097189101759E-008
          12           3   5.4832045247602264E-008
          12           4  -2.5162221113729173E-008
          12           5   1.6889156282684137E-008
          12           6  -1.7462338688266928E-008
          12           7  -1.4931013110766916E-008
          12           8   5.0884452209928942E-010
          12           9   19.264191048874100     
          12          10  -5.2144455428252761E-011
          12          11   3.8518450654172865E-009
          12          12   204.16190524903905     
          12          13  -1.6154695359852080E-009
          12          14   1.9459804436501301E-008
          12          15   1007.7559073781212     
          12          16  -1.1732963046024068E-008
          12          17  -1.9389716501368025E-008
          12          18  -984.24665797825583     
          12          19   1.3207444027854364E-008
          12          20   5.4889000019615835E-009
          12          21   273.29510173034009     
          12          22  -4.0385845780473947E-009
          12          23   1.6441958884472825E-011
          12          24   7.5810600999619613     
          12          25  -8.7581414338307628E-011
