           1           1   2.5733711600973459     
           1           2   8.2447246500323939     
           1           3   17.975250383153050     
           1           4   12.160322298297475     
           1           5   4.1295794554432632     
           1           6   2.4420397806034568     
           1           7  -4.1138213551122923E-013
           1           8   4.9102989977636732E-014
           1           9  -1.7795006716427714E-012
           1          10  -3.7338308805902467E-011
           1          11   2.6623612438042927E-011
           1          12  -8.8465967051839213E-011
           1          13   8.4999514925591665E-013
           1          14  -7.0437072080586230E-012
           1          15   5.4127974504940109E-012
           1          16   6.9008675465651045E-013
           1          17   6.0165232477317724E-012
           1          18  -1.8515396007321144E-012
           1          19   1.4286446969227990E-012
           1          20  -1.9325188978295598E-012
           1          21   3.9646448580657036E-012
           1          22  -9.4659681206413335     
           1          23  -6.3991320314397768E-015
           1          24  -9.4659681206414348     
           1          25   1.4614959468062646E-013
           1          26   2.5847718101414787E-013
           1          27  -9.4659681206415236     
           1          28  -5.2705431380997361     
           1          29  -8.1271229311732993E-015
           1          30  -5.2705431380994998     
           1          31  -4.1602536891039261E-014
           1          32   6.5157265796423422E-014
           1          33  -5.2705431380996348     
           1          34  -1.9111256648878348     
           1          35   1.5288164585144941E-014
           1          36  -1.9111256648875163     
           1          37  -5.6394338395539372E-014
           1          38  -1.5122995780321515E-013
           1          39  -1.9111256648875914     
           2           1   8.2447246500323939     
           2           2   119.65426354648471     
           2           3   252.49293476934253     
           2           4   159.66198177135647     
           2           5   77.718271079909513     
           2           6   43.083423013674384     
           2           7   2.1105864163367840E-011
           2           8  -6.9155854351377469E-012
           2           9   3.5739287968020816E-011
           2          10   3.9939052513658654E-012
           2          11  -6.0323342476306195E-012
           2          12   1.2983499017211382E-011
           2          13  -2.6761982584388252E-011
           2          14   1.2188265667950263E-011
           2          15  -4.4550084424333205E-011
           2          16   2.8145596231970646E-011
           2          17  -1.2919115428290358E-011
           2          18   4.6108992646273339E-011
           2          19  -4.3384313364487755E-012
           2          20   1.7268496554926225E-012
           2          21  -6.6246211708059390E-012
           2          22  -134.98242923408282     
           2          23  -1.0702321957553160E-013
           2          24  -134.98242923408307     
           2          25   1.2168839833299190E-013
           2          26  -3.9298937477062759E-013
           2          27  -134.98242923408225     
           2          28  -77.386653220039122     
           2          29  -1.0382177363600538E-013
           2          30  -77.386653220039449     
           2          31  -1.7211116186083200E-013
           2          32   3.2457721154157472E-013
           2          33  -77.386653220039676     
           2          34  -32.144531686543736     
           2          35   9.4002143380894650E-014
           2          36  -32.144531686543225     
           2          37   1.1541172629304415E-013
           2          38  -2.1240122010988612E-013
           2          39  -32.144531686543772     
           3           1   17.975250383153050     
           3           2   252.49293476934253     
           3           3   548.82512593306103     
           3           4   364.17396722340959     
           3           5   122.27864132507858     
           3           6   73.281209726324363     
           3           7   4.6588135373253393E-012
           3           8  -2.4483253394190789E-012
           3           9   8.6021557387850595E-012
           3          10  -4.5078133050048840E-012
           3          11   3.8304208307189937E-012
           3          12  -1.0907323743400256E-011
           3          13  -1.0862719328275770E-011
           3          14   7.2881513673777712E-012
           3          15  -9.9497445193227547E-012
           3          16   1.2082604770898661E-011
           3          17  -8.0904736768862279E-012
           3          18   1.0408252860558995E-011
           3          19  -2.5440696831097049E-012
           3          20   6.4848126422416166E-013
           3          21  -1.0469382188990934E-012
           3          22  -285.75463339300694     
           3          23   1.3622006989679029E-013
           3          24  -285.75463339300541     
           3          25   9.0277933876145865E-013
           3          26  -3.8460904794986955E-015
           3          27  -285.75463339300433     
           3          28  -157.36201938501026     
           3          29  -3.5662257516269379E-013
           3          30  -157.36201938501117     
           3          31  -3.3090870062278583E-013
           3          32   4.5575013620738088E-013
           3          33  -157.36201938501122     
           3          34  -57.204732472818371     
           3          35   4.4695416575906527E-013
           3          36  -57.204732472817078     
           3          37   1.9012960397941536E-013
           3          38  -5.9773797831274373E-013
           3          39  -57.204732472818833     
           4           1   12.160322298297475     
           4           2   159.66198177135647     
           4           3   364.17396722340959     
           4           4   313.21859384132216     
           4           5  -73.254054939188919     
           4           6  -19.447335920468031     
           4           7   6.2997536148234467E-012
           4           8  -2.1727101673495701E-012
           4           9   1.0570266238508848E-011
           4          10  -8.8621497747707733E-013
           4          11   2.9336597538390025E-013
           4          12  -8.1836100753538994E-013
           4          13  -1.1117033067194120E-011
           4          14   9.4050232640312168E-012
           4          15  -1.4775054517661044E-011
           4          16   1.1906092603689455E-011
           4          17  -9.9128633669265175E-012
           4          18   1.5299583180592191E-011
           4          19  -1.9666736665913826E-012
           4          20   1.0795506996357279E-012
           4          21  -1.9278943850467858E-012
           4          22  -168.91008266008890     
           4          23  -9.6899911664960701E-015
           4          24  -168.91008266008816     
           4          25   5.2740947826595359E-013
           4          26   7.3304488385131613E-014
           4          27  -168.91008266008777     
           4          28  -73.290501643559736     
           4          29  -6.9358446408297311E-014
           4          30  -73.290501643560020     
           4          31  -8.7358338843482949E-014
           4          32   2.3379470894321763E-013
           4          33  -73.290501643559963     
           4          34   3.7528313854354929     
           4          35   2.1513090410103420E-013
           4          36   3.7528313854364468     
           4          37   8.3869292641392435E-014
           4          38  -3.2804769613064659E-013
           4          39   3.7528313854351092     
           5           1   4.1295794554432632     
           5           2   77.718271079909513     
           5           3   122.27864132507858     
           5           4  -73.254054939188919     
           5           5   368.08894322516676     
           5           6   166.44628478278375     
           5           7   5.4469090667389502E-012
           5           8   2.4905464650192326E-013
           5           9   6.9388372641104395E-012
           5          10  -3.1823526773229562E-012
           5          11  -4.3050743568916844E-013
           5          12  -6.6984872810782380E-012
           5          13  -2.6608821461307043E-012
           5          14  -5.6056761587740346E-012
           5          15   1.4455157451609276E-012
           5          16   2.7976536903512342E-012
           5          17   5.3027214606279617E-012
           5          18  -2.1659220996199151E-012
           5          19  -1.3920744198183573E-012
           5          20  -6.6943507322699370E-013
           5          21  -3.8097805300710394E-013
           5          22  -110.48803665490736     
           5          23   1.7030958460181901E-013
           5          24  -110.48803665490824     
           5          25  -1.6847947269569451E-013
           5          26  -7.6771467085896890E-013
           5          27  -110.48803665490699     
           5          28  -104.93596822059608     
           5          29  -3.4772674285059963E-013
           5          30  -104.93596822059664     
           5          31  -3.6916989752078226E-013
           5          32   4.5407435632106472E-013
           5          33  -104.93596822059722     
           5          34  -104.87874228586564     
           5          35   8.4758619032955440E-014
           5          36  -104.87874228586560     
           5          37   1.5054880052569566E-013
           5          38  -2.0547710112440701E-013
           5          39  -104.87874228586523     
           6           1   2.4420397806034568     
           6           2   43.083423013674384     
           6           3   73.281209726324363     
           6           4  -19.447335920468031     
           6           5   166.44628478278375     
           6           6   75.905438304593687     
           6           7   3.5593595853139069E-011
           6           8  -1.4471091896230995E-011
           6           9   6.4356815356347031E-011
           6          10  -1.0738021238908398E-011
           6          11   3.9494054025879678E-012
           6          12  -2.0251221425910129E-011
           6          13  -4.6932251028745431E-011
           6          14   1.4370730835101590E-011
           6          15  -8.0470970417679330E-011
           6          16   5.0171087726960599E-011
           6          17  -1.5768286684718184E-011
           6          18   8.5833579050520916E-011
           6          19  -6.3442410499505790E-012
           6          20   1.8021962842339822E-012
           6          21  -1.0248281813085707E-011
           6          22  -58.753964918975328     
           6          23  -9.9346745752167867E-014
           6          24  -58.753964918976010     
           6          25  -5.3000563321819951E-013
           6          26  -3.1827701541238220E-013
           6          27  -58.753964918975768     
           6          28  -51.763349639507474     
           6          29  -1.3537383934449488E-013
           6          30  -51.763349639507680     
           6          31  -8.4723954942453637E-014
           6          32   2.1062325024317174E-013
           6          33  -51.763349639507865     
           6          34  -48.215728063038632     
           6          35   4.6142259234234288E-014
           6          36  -48.215728063038604     
           6          37   4.2423902124966752E-014
           6          38  -1.1281190800473328E-013
           6          39  -48.215728063038519     
           7           1  -4.1138213551122923E-013
           7           2   2.1105864163367840E-011
           7           3   4.6588135373253393E-012
           7           4   6.2997536148234467E-012
           7           5   5.4469090667389502E-012
           7           6   3.5593595853139069E-011
           7           7   1.9960874950886192     
           7           8   1.0703246015181269E-012
           7           9  -4.3081241699049677E-012
           7          10  -1.0659421934984294E-003
           7          11   5.1764287301023061E-012
           7          12  -3.7168233768535582E-011
           7          13  0.10974282927510662     
           7          14   5.2120599502993948E-012
           7          15   2.2545680600220935E-012
           7          16  -2.3942180326007062E-002
           7          17  -1.0463324651155697E-011
           7          18  -5.8998292362595177E-013
           7          19   6.7820669771452976E-003
           7          20   9.6680692965319653E-013
           7          21   5.0200390719345906E-012
           7          22  -1.1869048445895711E-011
           7          23  -6.4226565366503914E-012
           7          24  -1.2951923009960786E-011
           7          25  -2.8596594636941827E-012
           7          26  -2.0422902416227590E-012
           7          27  -7.2053838979141182E-012
           7          28  -6.5521099857174682E-012
           7          29   7.7650720578973661E-012
           7          30  -9.0770634422189386E-012
           7          31  -2.3015829692443526E-012
           7          32  -4.2452638428746204E-012
           7          33  -6.7094135672029732E-012
           7          34  -1.5582217153002709E-011
           7          35  -7.6200255699089615E-012
           7          36  -1.1463105758365965E-011
           7          37  -2.8223966384897214E-012
           7          38  -1.8933537559429194E-012
           7          39  -1.5830418676070031E-011
           8           1   4.9102989977636732E-014
           8           2  -6.9155854351377469E-012
           8           3  -2.4483253394190789E-012
           8           4  -2.1727101673495701E-012
           8           5   2.4905464650192326E-013
           8           6  -1.4471091896230995E-011
           8           7   1.0703246015181269E-012
           8           8   1.9960874950906768     
           8           9   2.0573326028894319E-012
           8          10   3.3279351496773455E-012
           8          11  -1.0659421742133662E-003
           8          12   3.0267455208843722E-012
           8          13  -2.1650910231319085E-012
           8          14  0.10974282926788158     
           8          15   3.9714759258977567E-014
           8          16   3.5334894732397554E-012
           8          17  -2.3942180313618285E-002
           8          18  -3.1875543871071765E-013
           8          19  -3.6293515935648283E-012
           8          20   6.7820669675387113E-003
           8          21  -1.4460320961473349E-012
           8          22   4.5130054678603955E-012
           8          23   3.0608436605373062E-012
           8          24   4.6325048455443564E-012
           8          25   7.5464230257462411E-013
           8          26   7.0347080088629059E-013
           8          27   2.6790556141486707E-012
           8          28   1.5200106860506781E-012
           8          29  -2.7222761880529414E-012
           8          30   2.8547756818435734E-012
           8          31   2.0699400077247390E-013
           8          32   1.5484487355196222E-012
           8          33   2.1586817848991366E-012
           8          34   5.8589377581308175E-012
           8          35   2.7317912683929489E-012
           8          36   4.2672002700517930E-012
           8          37   1.3869964548937035E-012
           8          38   8.7569703525055432E-013
           8          39   6.1081823358330082E-012
           9           1  -1.7795006716427714E-012
           9           2   3.5739287968020816E-011
           9           3   8.6021557387850595E-012
           9           4   1.0570266238508848E-011
           9           5   6.9388372641104395E-012
           9           6   6.4356815356347031E-011
           9           7  -4.3081241699049677E-012
           9           8   2.0573326028894319E-012
           9           9   1.9960874950851824     
           9          10  -3.2061329285903148E-011
           9          11   1.4554541599708757E-011
           9          12  -1.0659422229683212E-003
           9          13   8.3413206897191146E-012
           9          14   9.6984260899996179E-012
           9          15  0.10974282927097630     
           9          16  -1.4025700739716286E-011
           9          17  -1.9162574305121222E-011
           9          18  -2.3942180316333363E-002
           9          19   1.6466188872479755E-011
           9          20   1.4825740461690258E-012
           9          21   6.7820669757605702E-003
           9          22  -2.0163137095811457E-011
           9          23  -1.2335287922588031E-011
           9          24  -2.2694067208162111E-011
           9          25  -4.4578918638349386E-012
           9          26  -3.6660047732261308E-012
           9          27  -1.2899592544050921E-011
           9          28  -1.0573087362330958E-011
           9          29   1.3763090677369387E-011
           9          30  -1.5090501978408769E-011
           9          31  -3.4481757921346828E-012
           9          32  -7.4551179664548231E-012
           9          33  -1.1410217030359811E-011
           9          34  -2.7688983199575383E-011
           9          35  -1.3502198918626477E-011
           9          36  -2.0226454340511057E-011
           9          37  -5.4097684169224304E-012
           9          38  -3.6574464951324164E-012
           9          39  -2.8005943495905259E-011
          10           1  -3.7338308805902467E-011
          10           2   3.9939052513658654E-012
          10           3  -4.5078133050048840E-012
          10           4  -8.8621497747707733E-013
          10           5  -3.1823526773229562E-012
          10           6  -1.0738021238908398E-011
          10           7  -1.0659421934984294E-003
          10           8   3.3279351496773455E-012
          10           9  -3.2061329285903148E-011
          10          10   2.1167017470520930     
          10          11   8.3377749142116777E-014
          10          12   5.7752136406662988E-012
          10          13   1.5366795893332066     
          10          14  -4.9235060472994674E-012
          10          15   1.2856327113991438E-011
          10          16  -1.5476894237096688     
          10          17   6.5190075559868404E-012
          10          18  -1.3894052575107641E-011
          10          19  0.21505028992601266     
          10          20  -6.9293182303023547E-013
          10          21   6.6843058865675407E-013
          10          22   1.8624376991029660E-012
          10          23   2.0559300503064738E-012
          10          24   3.8383907325319890E-012
          10          25  -2.3660210257108521E-012
          10          26  -1.6353535357798181E-012
          10          27   3.3922256765728245E-012
          10          28   3.0423461258866843E-012
          10          29  -2.1899852912434533E-012
          10          30   3.4071379100855531E-012
          10          31   9.6060629338965315E-013
          10          32   1.4345640614237482E-012
          10          33   3.0911402556926705E-012
          10          34   3.9105006882337814E-012
          10          35   2.3965020488629794E-012
          10          36   2.7640375228107467E-012
          10          37   1.2954932541667814E-012
          10          38   6.6244290731485833E-013
          10          39   4.6302571580225849E-012
          11           1   2.6623612438042927E-011
          11           2  -6.0323342476306195E-012
          11           3   3.8304208307189937E-012
          11           4   2.9336597538390025E-013
          11           5  -4.3050743568916844E-013
          11           6   3.9494054025879678E-012
          11           7   5.1764287301023061E-012
          11           8  -1.0659421742133662E-003
          11           9   1.4554541599708757E-011
          11          10   8.3377749142116777E-014
          11          11   2.1167017470466427     
          11          12   1.1999290449980624E-012
          11          13   7.1622707764678376E-012
          11          14   1.5366795893257050     
          11          15   1.1380008047026830E-011
          11          16  -8.0956352732709725E-012
          11          17  -1.5476894237029124     
          11          18  -1.2547518579723419E-011
          11          19   1.9650669980116251E-012
          11          20  0.21505028992724115     
          11          21   2.0334497974343534E-012
          11          22  -7.5079015542158848E-013
          11          23  -5.2534783943561267E-013
          11          24  -6.3259698637188158E-013
          11          25   1.3472156556298077E-012
          11          26   1.8095878699772882E-012
          11          27  -1.4552660573253472E-012
          11          28  -8.8862999951126361E-013
          11          29   7.7091402354224532E-013
          11          30  -1.1176205544790915E-012
          11          31  -3.3809198058968047E-013
          11          32  -8.7875386528452327E-013
          11          33  -9.3800151228636355E-013
          11          34  -9.9667970032221288E-013
          11          35  -9.5602982268870794E-013
          11          36  -4.4134034268663530E-013
          11          37  -4.5439408190400591E-013
          11          38  -5.0726582573724889E-013
          11          39  -1.1089426739386524E-012
          12           1  -8.8465967051839213E-011
          12           2   1.2983499017211382E-011
          12           3  -1.0907323743400256E-011
          12           4  -8.1836100753538994E-013
          12           5  -6.6984872810782380E-012
          12           6  -2.0251221425910129E-011
          12           7  -3.7168233768535582E-011
          12           8   3.0267455208843722E-012
          12           9  -1.0659422229683212E-003
          12          10   5.7752136406662988E-012
          12          11   1.1999290449980624E-012
          12          12   2.1167017470516676     
          12          13  -4.4378944963507562E-012
          12          14  -1.9599877276599781E-012
          12          15   1.5366795893236258     
          12          16   6.6160410483649777E-012
          12          17   3.9953595987019596E-012
          12          18  -1.5476894237002312     
          12          19  -4.8166748367626067E-012
          12          20  -1.3049977764675778E-013
          12          21  0.21505028992524475     
          12          22   3.3394869948361197E-012
          12          23   3.5310530374938803E-012
          12          24   6.7142462028403337E-012
          12          25  -5.7685437706633458E-012
          12          26  -4.7179409762166604E-012
          12          27   7.0604581268176928E-012
          12          28   6.1856042572257755E-012
          12          29  -3.9020730742400055E-012
          12          30   6.7106437703291844E-012
          12          31   1.8142221844712414E-012
          12          32   2.9849766733952657E-012
          12          33   5.9061811862645008E-012
          12          34   7.1296074232848435E-012
          12          35   4.3482930123486651E-012
          12          36   5.0934189520214191E-012
          12          37   2.3024456149185966E-012
          12          38   1.5225212938883175E-012
          12          39   8.1795630446184963E-012
          13           1   8.4999514925591665E-013
          13           2  -2.6761982584388252E-011
          13           3  -1.0862719328275770E-011
          13           4  -1.1117033067194120E-011
          13           5  -2.6608821461307043E-012
          13           6  -4.6932251028745431E-011
          13           7  0.10974282927510662     
          13           8  -2.1650910231319085E-012
          13           9   8.3413206897191146E-012
          13          10   1.5366795893332066     
          13          11   7.1622707764678376E-012
          13          12  -4.4378944963507562E-012
          13          13   18.475928059762857     
          13          14  -5.7037707890165021E-012
          13          15  -7.7695627709178910E-012
          13          16  -19.183403740697361     
          13          17   1.1762368856699648E-011
          13          18   8.2658324629245718E-012
          13          19   2.2242963160503830     
          13          20  -1.6170814687314281E-012
          13          21  -5.2727752719579207E-012
          13          22   1.7623268905687393E-011
          13          23   7.7598943571053034E-012
          13          24   1.7813695778503749E-011
          13          25   5.1330615941834857E-012
          13          26   3.6343613436274493E-012
          13          27   1.0078844009168193E-011
          13          28   8.0814645307874669E-012
          13          29  -1.0002158615450719E-011
          13          30   1.1412887132632106E-011
          13          31   2.7770138320352695E-012
          13          32   5.3022154717535881E-012
          13          33   8.4160872217734277E-012
          13          34   2.0236998193868787E-011
          13          35   9.8038989229833616E-012
          13          36   1.4728953797698526E-011
          13          37   3.6225005752079983E-012
          13          38   2.6582087119398694E-012
          13          39   1.9984074846301407E-011
          14           1  -7.0437072080586230E-012
          14           2   1.2188265667950263E-011
          14           3   7.2881513673777712E-012
          14           4   9.4050232640312168E-012
          14           5  -5.6056761587740346E-012
          14           6   1.4370730835101590E-011
          14           7   5.2120599502993948E-012
          14           8  0.10974282926788158     
          14           9   9.6984260899996179E-012
          14          10  -4.9235060472994674E-012
          14          11   1.5366795893257050     
          14          12  -1.9599877276599781E-012
          14          13  -5.7037707890165021E-012
          14          14   18.475928059778830     
          14          15  -1.5161649713502084E-011
          14          16   4.4850789748860614E-012
          14          17  -19.183403740721147     
          14          18   1.6654122525506308E-011
          14          19   3.5909886175739035E-012
          14          20   2.2242963160630422     
          14          21  -3.7819053444501615E-013
          14          22  -6.5357322640872349E-012
          14          23  -3.7621824543917214E-012
          14          24  -7.8704798520606637E-012
          14          25  -1.7603305545966519E-012
          14          26  -2.4392456241173062E-012
          14          27  -4.0892416863781955E-012
          14          28  -1.8242903352316021E-012
          14          29   3.3584061700194012E-012
          14          30  -3.9502442574942616E-012
          14          31  -1.8849166801142433E-014
          14          32  -1.6500909085790918E-012
          14          33  -3.0302947370595202E-012
          14          34  -6.1470602413749809E-012
          14          35  -3.4792700921397389E-012
          14          36  -3.4660561930490399E-012
          14          37  -1.8933229468843838E-012
          14          38  -1.0103888050087295E-012
          14          39  -5.6507085375825874E-012
          15           1   5.4127974504940109E-012
          15           2  -4.4550084424333205E-011
          15           3  -9.9497445193227547E-012
          15           4  -1.4775054517661044E-011
          15           5   1.4455157451609276E-012
          15           6  -8.0470970417679330E-011
          15           7   2.2545680600220935E-012
          15           8   3.9714759258977567E-014
          15           9  0.10974282927097630     
          15          10   1.2856327113991438E-011
          15          11   1.1380008047026830E-011
          15          12   1.5366795893236258     
          15          13  -7.7695627709178910E-012
          15          14  -1.5161649713502084E-011
          15          15   18.475928059778123     
          15          16   1.6068479879989144E-011
          15          17   2.6260604801833816E-011
          15          18  -19.183403740718507     
          15          19  -1.9821685959263138E-011
          15          20  -3.4014735472743588E-012
          15          21   2.2242963160553599     
          15          22   2.7243037987856171E-011
          15          23   1.4858440763026903E-011
          15          24   2.6932245423890994E-011
          15          25   9.4766794024403298E-012
          15          26   8.2522454488455849E-012
          15          27   1.1384049281023083E-011
          15          28   9.9515950978532968E-012
          15          29  -1.7609578739479783E-011
          15          30   1.6470370510795779E-011
          15          31   3.7201639244757384E-012
          15          32   9.0179666256477146E-012
          15          33   1.1731768754466395E-011
          15          34   3.3394465939296310E-011
          15          35   1.7401238518226951E-011
          15          36   2.4172649976361812E-011
          15          37   7.1500926697246058E-012
          15          38   4.7102510334081853E-012
          15          39   3.4032954447743499E-011
          16           1   6.9008675465651045E-013
          16           2   2.8145596231970646E-011
          16           3   1.2082604770898661E-011
          16           4   1.1906092603689455E-011
          16           5   2.7976536903512342E-012
          16           6   5.0171087726960599E-011
          16           7  -2.3942180326007062E-002
          16           8   3.5334894732397554E-012
          16           9  -1.4025700739716286E-011
          16          10  -1.5476894237096688     
          16          11  -8.0956352732709725E-012
          16          12   6.6160410483649777E-012
          16          13  -19.183403740697361     
          16          14   4.4850789748860614E-012
          16          15   1.6068479879989144E-011
          16          16   19.923202036602923     
          16          17  -1.0893841384536183E-011
          16          18  -1.6952772519102300E-011
          16          19  -2.3090296416715907     
          16          20   1.5060383495874572E-012
          16          21   6.6990857305878028E-012
          16          22  -1.9153719581244175E-011
          16          23  -8.4137513781077932E-012
          16          24  -1.9291901279443070E-011
          16          25  -5.2922788747931062E-012
          16          26  -3.8694617692022852E-012
          16          27  -1.0614025983636911E-011
          16          28  -8.5716709329940448E-012
          16          29   1.0723737161351878E-011
          16          30  -1.2154570923529644E-011
          16          31  -3.0128246552708639E-012
          16          32  -5.6825345606280231E-012
          16          33  -9.0049860347749416E-012
          16          34  -2.1662953331111185E-011
          16          35  -1.0494172798435799E-011
          16          36  -1.5769223547622005E-011
          16          37  -3.8513594753011644E-012
          16          38  -2.8329243288022711E-012
          16          39  -2.1366705627321050E-011
          17           1   6.0165232477317724E-012
          17           2  -1.2919115428290358E-011
          17           3  -8.0904736768862279E-012
          17           4  -9.9128633669265175E-012
          17           5   5.3027214606279617E-012
          17           6  -1.5768286684718184E-011
          17           7  -1.0463324651155697E-011
          17           8  -2.3942180313618285E-002
          17           9  -1.9162574305121222E-011
          17          10   6.5190075559868404E-012
          17          11  -1.5476894237029124     
          17          12   3.9953595987019596E-012
          17          13   1.1762368856699648E-011
          17          14  -19.183403740721147     
          17          15   2.6260604801833816E-011
          17          16  -1.0893841384536183E-011
          17          17   19.923202036635466     
          17          18  -2.8656188533219432E-011
          17          19  -3.1327232474779536E-012
          17          20  -2.3090296416860006     
          17          21   1.6504506095141890E-012
          17          22   7.6389177720756664E-012
          17          23   3.8718183780266270E-012
          17          24   8.6491880133383329E-012
          17          25   1.3881016469114248E-012
          17          26   2.7017069481825183E-012
          17          27   4.2712169419228890E-012
          17          28   2.0727461964463903E-012
          17          29  -3.5688047591268760E-012
          17          30   4.4092464943872972E-012
          17          31   1.1242216284071883E-013
          17          32   1.7499987399560670E-012
          17          33   3.4849824018460290E-012
          17          34   6.8233934376728113E-012
          17          35   3.7105437261250712E-012
          17          36   3.9515674831096602E-012
          17          37   1.9908197757344104E-012
          17          38   1.0840118326585686E-012
          17          39   6.2715656466930066E-012
          18           1  -1.8515396007321144E-012
          18           2   4.6108992646273339E-011
          18           3   1.0408252860558995E-011
          18           4   1.5299583180592191E-011
          18           5  -2.1659220996199151E-012
          18           6   8.5833579050520916E-011
          18           7  -5.8998292362595177E-013
          18           8  -3.1875543871071765E-013
          18           9  -2.3942180316333363E-002
          18          10  -1.3894052575107641E-011
          18          11  -1.2547518579723419E-011
          18          12  -1.5476894237002312     
          18          13   8.2658324629245718E-012
          18          14   1.6654122525506308E-011
          18          15  -19.183403740718507     
          18          16  -1.6952772519102300E-011
          18          17  -2.8656188533219432E-011
          18          18   19.923202036630929     
          18          19   2.1246338022249953E-011
          18          20   3.6418229543179527E-012
          18          21  -2.3090296416774354     
          18          22  -2.8544953590591198E-011
          18          23  -1.5720823481564056E-011
          18          24  -2.8345099566452572E-011
          18          25  -1.0519381400321002E-011
          18          26  -8.7839949398772384E-012
          18          27  -1.2214026850674687E-011
          18          28  -1.0263551205390497E-011
          18          29   1.8813714392846021E-011
          18          30  -1.7222082497061615E-011
          18          31  -3.9262172046283762E-012
          18          32  -9.6636087440396753E-012
          18          33  -1.2054595853852317E-011
          18          34  -3.5580131852000942E-011
          18          35  -1.8599547948287812E-011
          18          36  -2.5701551639842805E-011
          18          37  -7.6482473855933608E-012
          18          38  -5.0247688500662059E-012
          18          39  -3.6269265541142155E-011
          19           1   1.4286446969227990E-012
          19           2  -4.3384313364487755E-012
          19           3  -2.5440696831097049E-012
          19           4  -1.9666736665913826E-012
          19           5  -1.3920744198183573E-012
          19           6  -6.3442410499505790E-012
          19           7   6.7820669771452976E-003
          19           8  -3.6293515935648283E-012
          19           9   1.6466188872479755E-011
          19          10  0.21505028992601266     
          19          11   1.9650669980116251E-012
          19          12  -4.8166748367626067E-012
          19          13   2.2242963160503830     
          19          14   3.5909886175739035E-012
          19          15  -1.9821685959263138E-011
          19          16  -2.3090296416715907     
          19          17  -3.1327232474779536E-012
          19          18   2.1246338022249953E-011
          19          19  0.26825434133565063     
          19          20   3.4124699593825256E-013
          19          21  -3.0256777985849371E-012
          19          22   3.0705892561286406E-012
          19          23   1.2098598922449093E-012
          19          24   3.1366427951768507E-012
          19          25   3.8564684187223395E-013
          19          26   4.1738621955923784E-013
          19          27   1.7467845534443877E-012
          19          28   1.5499854682471295E-012
          19          29  -1.2912713480999441E-012
          19          30   1.9585596160882132E-012
          19          31   3.8839818447841257E-013
          19          32   6.6630755145345066E-013
          19          33   1.6688801120974992E-012
          19          34   2.8547482145384645E-012
          19          35   1.2425190114640406E-012
          19          36   2.1688094292384177E-012
          19          37   4.4794713361476496E-013
          19          38   3.3284306683254473E-013
          19          39   2.8099173324326858E-012
          20           1  -1.9325188978295598E-012
          20           2   1.7268496554926225E-012
          20           3   6.4848126422416166E-013
          20           4   1.0795506996357279E-012
          20           5  -6.6943507322699370E-013
          20           6   1.8021962842339822E-012
          20           7   9.6680692965319653E-013
          20           8   6.7820669675387113E-003
          20           9   1.4825740461690258E-012
          20          10  -6.9293182303023547E-013
          20          11  0.21505028992724115     
          20          12  -1.3049977764675778E-013
          20          13  -1.6170814687314281E-012
          20          14   2.2242963160630422     
          20          15  -3.4014735472743588E-012
          20          16   1.5060383495874572E-012
          20          17  -2.3090296416860006     
          20          18   3.6418229543179527E-012
          20          19   3.4124699593825256E-013
          20          20  0.26825434133856269     
          20          21  -2.1925430221386988E-013
          20          22  -1.1780905881877373E-012
          20          23  -3.2635206105751520E-013
          20          24  -8.7863661417862295E-013
          20          25   4.4482954814131943E-013
          20          26  -4.0405452605900224E-013
          20          27   3.4449904374977117E-014
          20          28  -1.4049449038051295E-013
          20          29   3.9531780008409299E-013
          20          30  -4.8352490855940047E-013
          20          31  -1.2229684020346438E-013
          20          32  -1.8987698524619493E-013
          20          33  -4.5318102448283650E-013
          20          34  -7.8534875349291965E-013
          20          35  -4.2910587687717141E-013
          20          36  -4.2472806205078306E-013
          20          37  -1.9811598210836692E-013
          20          38  -1.3922045774054220E-013
          20          39  -6.7240256820687879E-013
          21           1   3.9646448580657036E-012
          21           2  -6.6246211708059390E-012
          21           3  -1.0469382188990934E-012
          21           4  -1.9278943850467858E-012
