           1           1   3.2041394358890094     
           1           2   16.733604692341004     
           1           3   35.114597484417011     
           1           4   21.226443497453491     
           1           5   7.9279400225126420     
           1           6   3.4428833797798184     
           1           7   5.8497206302594972E-015
           1           8   2.1242192455022539E-014
           1           9   5.8947558574315351E-013
           1          10  -2.5405895899889004E-013
           1          11  -2.4416727272238944E-014
           1          12   6.3310359984669901E-013
           1          13  -9.7449510829043318E-013
           1          14   3.2929064605113697E-013
           1          15   2.8575911600430842E-012
           1          16   1.2233978240217565E-012
           1          17  -3.5547015879305031E-013
           1          18  -2.8939850137481011E-012
           1          19  -2.4249230665385466E-013
           1          20   1.5504369060724624E-013
           1          21   3.6560412168521580E-013
           1          22  -18.259261900842851     
           1          23   3.9258700741048887E-014
           1          24  -18.259261900842901     
           1          25   1.0810082923727231E-014
           1          26   3.0042270117137349E-014
           1          27  -18.259261900842922     
           1          28  -9.0612688930265310     
           1          29   1.0919019856577463E-014
           1          30  -9.0612688930267122     
           1          31  -4.4620253050144911E-014
           1          32   3.9621350062917895E-014
           1          33  -9.0612688930265897     
           1          34  -3.3752134395919806     
           1          35  -1.2786441005690210E-014
           1          36  -3.3752134395921773     
           1          37   4.0774238827986393E-014
           1          38  -6.3155905471893846E-014
           1          39  -3.3752134395921254     
           2           1   16.733604692341004     
           2           2   235.16124674959644     
           2           3   482.53180932914563     
           2           4   273.03383988133510     
           2           5   148.09313558202561     
           2           6   61.317132881412952     
           2           7  -2.4150618690828164E-013
           2           8   6.8855498373765742E-014
           2           9  -2.7369128367360320E-013
           2          10  -2.5893571084129569E-012
           2          11   5.9293722863951261E-013
           2          12  -2.2719358678815524E-012
           2          13  -1.9017949948385150E-011
           2          14   6.6964162508146155E-012
           2          15  -1.8249583898710962E-011
           2          16   2.2363735560897223E-011
           2          17  -7.5166460170139723E-012
           2          18   2.0886073158120065E-011
           2          19  -4.5513739532614888E-012
           2          20   1.8612644945643343E-012
           2          21  -4.3475649011980141E-012
           2          22  -255.93033704332495     
           2          23   1.2425812335532023E-013
           2          24  -255.93033704332476     
           2          25   2.3977450564449870E-014
           2          26   2.0696060647922067E-013
           2          27  -255.93033704332521     
           2          28  -131.12470949933149     
           2          29  -1.0713008516290010E-014
           2          30  -131.12470949933197     
           2          31  -6.5171402913846893E-014
           2          32  -2.0498849934796793E-013
           2          33  -131.12470949933112     
           2          34  -56.184010086958679     
           2          35  -1.4912029556680169E-013
           2          36  -56.184010086958459     
           2          37   1.9174661028043625E-013
           2          38   2.3673311376326128E-013
           2          39  -56.184010086959162     
           3           1   35.114597484417011     
           3           2   482.53180932914563     
           3           3   1010.2995925408092     
           3           4   601.75838703407101     
           3           5   228.46046361372990     
           3           6   99.878520737860967     
           3           7  -3.8501223925967393E-014
           3           8   3.4204161747930343E-014
           3           9   2.4703793493048095E-012
           3          10  -5.2501465704870490E-012
           3          11   1.6492757738176895E-012
           3          12  -9.0343821800023501E-013
           3          13  -4.1817494257154612E-011
           3          14   1.4003658046830840E-011
           3          15  -2.1027895890606302E-011
           3          16   4.9068596850429359E-011
           3          17  -1.6013342594478769E-011
           3          18   2.5836612519124022E-011
           3          19  -1.0235111389284483E-011
           3          20   3.8753879150463415E-012
           3          21  -6.5892890691700334E-012
           3          22  -522.92446557810285     
           3          23   1.7524055082392726E-013
           3          24  -522.92446557810240     
           3          25   2.6790271353234983E-013
           3          26   4.6783090164009958E-013
           3          27  -522.92446557810320     
           3          28  -257.99319368933595     
           3          29   1.0633784417488197E-013
           3          30  -257.99319368933715     
           3          31  -2.3741921353326618E-013
           3          32  -2.2271410801928669E-013
           3          33  -257.99319368933527     
           3          34  -97.170228278858488     
           3          35  -2.5471871971826046E-013
           3          36  -97.170228278857621     
           3          37   4.1856555245580352E-013
           3          38   1.2865110779380528E-013
           3          39  -97.170228278859398     
           4           1   21.226443497453491     
           4           2   273.03383988133510     
           4           3   601.75838703407101     
           4           4   463.30800549925863     
           4           5  -110.30498721959712     
           4           6  -27.647909199477766     
           4           7   4.8711339452674064E-013
           4           8  -1.0568550682542789E-013
           4           9   9.5926614807302550E-012
           4          10  -3.4582814317317639E-012
           4          11   1.0974470356602847E-012
           4          12   9.0682363846592122E-012
           4          13  -3.0601993512760993E-011
           4          14   9.1180952624389294E-012
           4          15   3.2247098113532475E-011
           4          16   3.6282854344249264E-011
           4          17  -1.0253875576987817E-011
           4          18  -3.0787771788738651E-011
           4          19  -7.7238366737889955E-012
           4          20   2.6610444552542600E-012
           4          21   2.5738140101681599E-012
           4          22  -276.35173062962434     
           4          23   4.6228434131380145E-014
           4          24  -276.35173062962440     
           4          25   1.3966638923783039E-013
           4          26   2.6711577004586583E-013
           4          27  -276.35173062962429     
           4          28  -108.23119767867259     
           4          29  -1.0376687121227968E-013
           4          30  -108.23119767867300     
           4          31   6.0465918346677518E-014
           4          32   5.8110315994258113E-014
           4          33  -108.23119767867267     
           4          34   3.8360531477703592     
           4          35  -7.9625597804889588E-014
           4          36   3.8360531477707669     
           4          37   1.8528256512845620E-013
           4          38  -1.4689942200323802E-013
           4          39   3.8360531477700333     
           5           1   7.9279400225126420     
           5           2   148.09313558202561     
           5           3   228.46046361372990     
           5           4  -110.30498721959712     
           5           5   640.63645032033060     
           5           6   230.55279204231434     
           5           7  -1.2780520093774119E-012
           5           8   4.0987880483765250E-013
           5           9  -2.1000989385869339E-011
           5          10  -3.0577739625710245E-012
           5          11  -8.5074096221728277E-013
           5          12  -2.8830098335357067E-011
           5          13  -1.5564785624809033E-011
           5          14   4.1000793854335834E-012
           5          15  -1.5069658506443111E-010
           5          16   1.5433615358491099E-011
           5          17  -4.5803259346775998E-012
           5          18   1.5764392579036388E-010
           5          19  -1.5024565514917428E-012
           5          20   5.6968155337376431E-013
           5          21  -2.3378041735894813E-011
           5          22  -203.40571530941429     
           5          23   1.7072996718750871E-013
           5          24  -203.40571530941367     
           5          25  -9.9821446158140159E-014
           5          26  -9.0913383006529513E-014
           5          27  -203.40571530941480     
           5          28  -168.35655064045991     
           5          29   2.7365499205947841E-013
           5          30  -168.35655064046057     
           5          31  -3.9539987515653357E-013
           5          32  -5.8228413285382948E-013
           5          33  -168.35655064045858     
           5          34  -169.51986930769093     
           5          35  -2.6766008758419404E-013
           5          36  -169.51986930769098     
           5          37   2.2186033448336699E-013
           5          38   7.9280185833235881E-013
           5          39  -169.51986930769172     
           6           1   3.4428833797798184     
           6           2   61.317132881412952     
           6           3   99.878520737860967     
           6           4  -27.647909199477766     
           6           5   230.55279204231434     
           6           6   83.318160396571329     
           6           7  -2.3081770991213699E-013
           6           8  -2.1630885450118854E-014
           6           9  -8.0240431690910131E-012
           6          10   3.8006201680219792E-013
           6          11  -7.2355159302328507E-013
           6          12  -9.6606997689994861E-012
           6          13   8.1439070653512594E-012
           6          14  -6.3216572967579985E-013
           6          15  -4.0770293697347978E-011
           6          16  -8.9824361701352596E-012
           6          17   5.5501754259421309E-013
           6          18   4.2438226470211835E-011
           6          19   1.6264339345348471E-012
           6          20  -1.1631494939252552E-013
           6          21  -6.3030779089684148E-012
           6          22  -81.725865024249202     
           6          23   2.3207130629628302E-013
           6          24  -81.725865024249003     
           6          25  -6.5403817446605617E-014
           6          26   4.7802124458884669E-013
           6          27  -81.725865024249799     
           6          28  -64.306746487733164     
           6          29   7.0660975896754844E-014
           6          30  -64.306746487733420     
           6          31  -1.4048038142485458E-013
           6          32  -3.0380170610080220E-013
           6          33  -64.306746487732596     
           6          34  -61.704351896570515     
           6          35  -8.6224040974497069E-014
           6          36  -61.704351896570500     
           6          37   8.4153653028242652E-014
           6          38   3.0997422194968522E-013
           6          39  -61.704351896570834     
           7           1   5.8497206302594972E-015
           7           2  -2.4150618690828164E-013
           7           3  -3.8501223925967393E-014
           7           4   4.8711339452674064E-013
           7           5  -1.2780520093774119E-012
           7           6  -2.3081770991213699E-013
           7           7   1.9961381926909219     
           7           8   3.6650370238699474E-014
           7           9   8.5884519439832310E-014
           7          10   1.2579333239572804E-003
           7          11   2.3007290517183390E-013
           7          12   3.9590010957051222E-013
           7          13  0.12518461680284773     
           7          14  -9.7769015105878715E-015
           7          15   2.1956807032258625E-013
           7          16  -4.3226323354137168E-002
           7          17   8.5279006078846193E-015
           7          18  -1.7840243171635737E-013
           7          19   1.4375999251428469E-002
           7          20   3.9161382470177228E-014
           7          21  -9.8775425772680914E-015
           7          22   2.2821602241850708E-013
           7          23  -4.1329905895760428E-014
           7          24   3.1172414631859192E-013
           7          25   1.5233052616181974E-013
           7          26   3.2434800858120249E-014
           7          27   1.4529161391208076E-013
           7          28   2.3605012002962529E-013
           7          29  -4.2158889839376530E-015
           7          30   1.3836815645392349E-013
           7          31  -2.6179414994215731E-014
           7          32  -2.6472019206455096E-014
           7          33   2.5404598763695571E-013
           7          34   3.0122834479269244E-013
           7          35   4.8053294439584353E-014
           7          36   2.2855644834532703E-013
           7          37  -4.4448011438175416E-014
           7          38  -3.6157116458041731E-014
           7          39   2.2622016980014311E-013
           8           1   2.1242192455022539E-014
           8           2   6.8855498373765742E-014
           8           3   3.4204161747930343E-014
           8           4  -1.0568550682542789E-013
           8           5   4.0987880483765250E-013
           8           6  -2.1630885450118854E-014
           8           7   3.6650370238699474E-014
           8           8   1.9961381926908139     
           8           9   3.4615458286215888E-014
           8          10  -3.9773739857195072E-013
           8          11   1.2579333239155638E-003
           8          12  -2.0431573100054746E-014
           8          13   1.1119716258889319E-012
           8          14  0.12518461680286003     
           8          15   7.7030092374141843E-013
           8          16  -1.1387973897214402E-012
           8          17  -4.3226323354249190E-002
           8          18  -8.9968310579280836E-013
           8          19   3.0082273477782932E-013
           8          20   1.4375999251477528E-002
           8          21   2.1161544738746291E-013
           8          22  -2.4669985401899306E-014
           8          23  -3.5122276180604479E-014
           8          24  -1.3453480981400236E-013
           8          25  -4.3323137620554511E-014
           8          26  -1.5266393023411032E-014
           8          27  -1.0952206441741488E-013
           8          28  -4.3229286729989868E-014
           8          29  -2.6277469317355654E-014
           8          30  -1.0717598620458706E-013
           8          31   1.7981882887378230E-014
           8          32  -6.0387758732387547E-014
           8          33  -7.6744365222462940E-015
           8          34  -5.6540187674828773E-014
           8          35  -7.5221414733918890E-015
           8          36  -1.2287801339426969E-014
           8          37   1.0912887496592845E-014
           8          38   5.0606279203553609E-014
           8          39  -1.1169034879268519E-013
           9           1   5.8947558574315351E-013
           9           2  -2.7369128367360320E-013
           9           3   2.4703793493048095E-012
           9           4   9.5926614807302550E-012
           9           5  -2.1000989385869339E-011
           9           6  -8.0240431690910131E-012
           9           7   8.5884519439832310E-014
           9           8   3.4615458286215888E-014
           9           9   1.9961381926906281     
           9          10   3.5311142031205966E-013
           9          11   5.9743876512499983E-015
           9          12   1.2579333235740540E-003
           9          13  -1.5699214931525374E-012
           9          14   3.4537346940700896E-013
           9          15  0.12518461680159540     
           9          16   2.0915487224105066E-012
           9          17  -5.9443595878951024E-013
           9          18  -4.3226323352768062E-002
           9          19  -4.2919395251348075E-013
           9          20   1.8830987116857989E-013
           9          21   1.4375999251379492E-002
           9          22   1.9829252278491364E-012
           9          23   1.8192586505926036E-013
           9          24   2.1325816092609953E-012
           9          25   2.3156100295620431E-013
           9          26  -9.1308812605472180E-014
           9          27   1.5705733968414718E-012
           9          28   3.6134019623653265E-012
           9          29   7.7061215850272544E-014
           9          30   3.4849313147930910E-012
           9          31   3.6433901747156609E-013
           9          32   8.0113489378025221E-014
           9          33   3.9364407575027101E-012
           9          34   5.4486857154178116E-012
           9          35  -1.4147424498224782E-013
           9          36   5.7708492995101788E-012
           9          37  -3.3017242063693022E-013
           9          38  -1.5607914423752115E-013
           9          39   5.3844651730671067E-012
          10           1  -2.5405895899889004E-013
          10           2  -2.5893571084129569E-012
          10           3  -5.2501465704870490E-012
          10           4  -3.4582814317317639E-012
          10           5  -3.0577739625710245E-012
          10           6   3.8006201680219792E-013
          10           7   1.2579333239572804E-003
          10           8  -3.9773739857195072E-013
          10           9   3.5311142031205966E-013
          10          10   2.1681511043960278     
          10          11  -3.1197266992017462E-014
          10          12  -8.8817841942589135E-016
          10          13   1.7246612292677383     
          10          14  -1.1346479311666399E-013
          10          15   4.7242765255328955E-013
          10          16  -1.8043376311057493     
          10          17   1.9317880628443254E-014
          10          18  -4.9148185521349978E-013
          10          19  0.32991703372863579     
          10          20   1.1339540417763368E-013
          10          21   7.1557343384080426E-014
          10          22   3.1316520848728815E-012
          10          23  -1.0647014357162814E-013
          10          24   2.4852617761493013E-012
          10          25   1.0885857629547619E-013
          10          26  -6.9701387113972023E-013
          10          27   2.9228165553774489E-012
          10          28   2.0914580356075761E-012
          10          29  -1.6907367151645538E-013
          10          30   1.6719211085182072E-012
          10          31   2.1070167519062619E-013
          10          32   2.5539216409997468E-013
          10          33   2.3168630435661787E-012
          10          34   5.1858228714911053E-013
          10          35   1.2359449883176130E-013
          10          36   4.9518951402298941E-013
          10          37  -7.2146151751873394E-014
          10          38  -1.2230727873893453E-013
          10          39   1.8967022251366261E-013
          11           1  -2.4416727272238944E-014
          11           2   5.9293722863951261E-013
          11           3   1.6492757738176895E-012
          11           4   1.0974470356602847E-012
          11           5  -8.5074096221728277E-013
          11           6  -7.2355159302328507E-013
          11           7   2.3007290517183390E-013
          11           8   1.2579333239155638E-003
          11           9   5.9743876512499983E-015
          11          10  -3.1197266992017462E-014
          11          11   2.1681511043960997     
          11          12   6.5406013938142343E-014
          11          13  -5.7676086129268784E-013
          11          14   1.7246612292678929     
          11          15   8.2295281700447986E-014
          11          16   4.9737991503198471E-013
          11          17  -1.8043376311059491     
          11          18   2.7311486405668095E-014
          11          19   8.6208817862149262E-014
          11          20  0.32991703372874148     
          11          21  -9.3334194539704623E-014
          11          22  -7.1909756846181949E-013
          11          23  -2.8399904555740868E-013
          11          24  -9.6403043963289383E-013
          11          25   5.2042691353718439E-013
          11          26  -4.8900776388772015E-013
          11          27  -4.1230723812386034E-013
          11          28  -4.2671530283203096E-014
          11          29   1.5953210186271646E-013
          11          30   1.2506919195432340E-013
          11          31  -8.2695787871007565E-014
          11          32   8.3709237635088346E-014
          11          33  -4.1707903135797102E-014
          11          34   3.2176694063621712E-013
          11          35  -2.6394595045420820E-014
          11          36   3.4896861252007552E-013
          11          37   1.0936521752108467E-013
          11          38  -4.0151386815030616E-014
          11          39   3.0500361556345192E-013
          12           1   6.3310359984669901E-013
          12           2  -2.2719358678815524E-012
          12           3  -9.0343821800023501E-013
          12           4   9.0682363846592122E-012
          12           5  -2.8830098335357067E-011
          12           6  -9.6606997689994861E-012
          12           7   3.9590010957051222E-013
          12           8  -2.0431573100054746E-014
          12           9   1.2579333235740540E-003
          12          10  -8.8817841942589135E-016
          12          11   6.5406013938142343E-014
          12          12   2.1681511043960118     
          12          13  -1.7446807887322330E-013
          12          14  -2.0818763379884883E-013
          12          15   1.7246612292677308     
          12          16   7.6381956315461826E-013
          12          17  -1.4485634913804985E-013
          12          18  -1.8043376311057679     
          12          19  -1.2533897530976330E-013
          12          20   2.0923020260799038E-013
          12          21  0.32991703372899867     
          12          22   4.4108410789370025E-012
          12          23   4.6165515584891099E-014
          12          24   4.9751591247978746E-012
          12          25   2.9762559921546301E-013
          12          26  -3.2372621762959730E-013
          12          27   4.2549914505593008E-012
          12          28   6.1560754656924749E-012
          12          29  -2.4238338165654503E-014
          12          30   5.9088261690922686E-012
          12          31   7.0096983419692150E-013
          12          32   2.1753154897359000E-013
          12          33   7.0317013762940001E-012
          12          34   7.0467769605272496E-012
          12          35  -1.2669397834135258E-013
          12          36   7.8820383584498100E-012
          12          37  -4.6211095416399073E-013
          12          38  -2.6182002516126256E-013
          12          39   6.7235283196397024E-012
          13           1  -9.7449510829043318E-013
          13           2  -1.9017949948385150E-011
          13           3  -4.1817494257154612E-011
          13           4  -3.0601993512760993E-011
          13           5  -1.5564785624809033E-011
          13           6   8.1439070653512594E-012
          13           7  0.12518461680284773     
          13           8   1.1119716258889319E-012
          13           9  -1.5699214931525374E-012
          13          10   1.7246612292677383     
          13          11  -5.7676086129268784E-013
          13          12  -1.7446807887322330E-013
          13          13   16.585440085930177     
          13          14  -1.0068612610326130E-012
          13          15   7.1106315280329450E-013
          13          16  -17.652782641712633     
          13          17   1.2279066652360780E-013
          13          18  -4.1902939451642286E-013
          13          19   2.7063683976607704     
          13          20   1.6159712457053535E-012
          13          21  -2.2352692613528237E-013
          13          22   2.0865936678464222E-011
          13          23   4.2968302969737651E-013
          13          24   2.2359686820777977E-011
          13          25  -3.5381457437754260E-013
          13          26  -1.2271403743146196E-012
          13          27   2.0389610109990204E-011
          13          28   1.3993140101787561E-011
          13          29  -1.0226617332228867E-012
          13          30   1.1275608534845717E-011
          13          31   1.7527378422415174E-012
          13          32   1.7064609876737079E-012
          13          33   1.7285895740124630E-011
          13          34   2.7420109800916187E-013
          13          35   4.8726109460455887E-013
          13          36   2.2262161771208677E-012
          13          37  -8.5842538592814900E-013
          13          38  -1.4471356425843829E-012
          13          39  -2.0551660103160107E-012
          14           1   3.2929064605113697E-013
          14           2   6.6964162508146155E-012
          14           3   1.4003658046830840E-011
          14           4   9.1180952624389294E-012
          14           5   4.1000793854335834E-012
          14           6  -6.3216572967579985E-013
          14           7  -9.7769015105878715E-015
          14           8  0.12518461680286003     
          14           9   3.4537346940700896E-013
          14          10  -1.1346479311666399E-013
          14          11   1.7246612292678929     
          14          12  -2.0818763379884883E-013
          14          13  -1.0068612610326130E-012
          14          14   16.585440085929690     
          14          15  -1.6192255869463706E-012
          14          16   8.6364249085597733E-013
          14          17  -17.652782641713564     
          14          18   1.6938950242463266E-012
          14          19   2.2137847111024864E-013
          14          20   2.7063683976625326     
          14          21  -2.0477630008343959E-013
          14          22  -7.1952358875895891E-012
          14          23   3.5605278988984664E-013
          14          24  -7.1946211040363515E-012
          14          25  -4.9657922864781021E-013
          14          26   9.1754696141192562E-013
          14          27  -7.4751809924817843E-012
          14          28  -4.0150919444536941E-012
          14          29   1.8016537785354480E-013
          14          30  -3.3231530474429971E-012
          14          31  -3.9299814632178443E-013
          14          32  -5.5055020123366630E-013
          14          33  -4.8406879057877432E-012
          14          34  -6.0956167497779571E-013
          14          35  -1.2543317330107946E-013
          14          36  -1.2246462551746168E-012
          14          37   1.3713736798691049E-013
          14          38   4.4141133497319693E-013
          14          39  -1.3299877515021051E-013
          15           1   2.8575911600430842E-012
          15           2  -1.8249583898710962E-011
          15           3  -2.1027895890606302E-011
          15           4   3.2247098113532475E-011
          15           5  -1.5069658506443111E-010
          15           6  -4.0770293697347978E-011
          15           7   2.1956807032258625E-013
          15           8   7.7030092374141843E-013
          15           9  0.12518461680159540     
          15          10   4.7242765255328955E-013
          15          11   8.2295281700447986E-014
          15          12   1.7246612292677308     
          15          13   7.1106315280329450E-013
          15          14  -1.6192255869463706E-012
          15          15   16.585440085931427     
          15          16   3.4667962944819371E-012
          15          17  -8.3848900045414298E-013
          15          18  -17.652782641715302     
          15          19  -2.0432236631784266E-012
          15          20   2.1658404236735151E-012
          15          21   2.7063683976643609     
          15          22   3.1842601756833631E-011
          15          23   1.9896548818923747E-012
          15          24   3.2437752401471724E-011
          15          25  -4.8887581797113003E-014
          15          26  -1.5762077971498932E-012
          15          27   2.8000181978191540E-011
          15          28   3.7005791785861574E-011
          15          29  -9.4450182947092828E-013
          15          30   3.3766346878088727E-011
          15          31   4.2129673350375835E-012
          15          32   1.8936786615129991E-012
          15          33   4.2138052642794683E-011
          15          34   3.4354900648207532E-011
          15          35  -4.7124945759717442E-013
          15          36   3.8027022700682773E-011
          15          37  -2.9662466611136989E-012
          15          38  -1.9370840718886461E-012
          15          39   3.1366033193261646E-011
          16           1   1.2233978240217565E-012
          16           2   2.2363735560897223E-011
          16           3   4.9068596850429359E-011
          16           4   3.6282854344249264E-011
          16           5   1.5433615358491099E-011
          16           6  -8.9824361701352596E-012
          16           7  -4.3226323354137168E-002
          16           8  -1.1387973897214402E-012
          16           9   2.0915487224105066E-012
          16          10  -1.8043376311057493     
          16          11   4.9737991503198471E-013
          16          12   7.6381956315461826E-013
          16          13  -17.652782641712633     
          16          14   8.6364249085597733E-013
          16          15   3.4667962944819371E-012
          16          16   18.793384092043084     
          16          17   9.2259533346277984E-014
          16          18  -4.0282083224593270E-012
          16          19  -2.8800316879055798     
          16          20  -1.7562340470789296E-012
          16          21   9.2751674396486825E-013
          16          22  -2.4208472325896634E-011
          16          23  -4.4849044168975703E-013
          16          24  -2.5811870099314542E-011
          16          25   4.0497872177588926E-013
          16          26   1.4582302704716443E-012
          16          27  -2.3903734935364547E-011
          16          28  -1.5695122325048412E-011
          16          29   1.0850366901362417E-012
          16          30  -1.2807617613874157E-011
          16          31  -1.8705787140032521E-012
          16          32  -1.8479070875516559E-012
          16          33  -1.9163694112040672E-011
          16          34  -1.8167689922774805E-013
          16          35  -5.1450415436368979E-013
          16          36  -2.2671681174751732E-012
          16          37   9.1357545870007266E-013
          16          38   1.5508586964925569E-012
          16          39   2.2797243005159062E-012
          17           1  -3.5547015879305031E-013
          17           2  -7.5166460170139723E-012
          17           3  -1.6013342594478769E-011
          17           4  -1.0253875576987817E-011
          17           5  -4.5803259346775998E-012
          17           6   5.5501754259421309E-013
          17           7   8.5279006078846193E-015
          17           8  -4.3226323354249190E-002
          17           9  -5.9443595878951024E-013
          17          10   1.9317880628443254E-014
          17          11  -1.8043376311059491     
          17          12  -1.4485634913804985E-013
          17          13   1.2279066652360780E-013
          17          14  -17.652782641713564     
          17          15  -8.3848900045414298E-013
          17          16   9.2259533346277984E-014
          17          17   18.793384092045603     
          17          18   9.1145840874762453E-013
          17          19  -3.8267999880047617E-013
          17          20  -2.8800316879076897     
          17          21  -1.9980544996299155E-013
          17          22   8.2058630734724984E-012
          17          23  -3.6812790228368398E-013
          17          24   8.2173861702472846E-012
          17          25   5.4144933888030706E-013
          17          26  -9.8403465443622562E-013
          17          27   8.4408464053102631E-012
          17          28   4.5094110291000427E-012
          17          29  -1.9420662255961137E-013
          17          30   3.7672382611077737E-012
          17          31   4.1748490261817795E-013
          17          32   5.8512508535987448E-013
          17          33   5.4040263559479907E-012
          17          34   7.5016188858820576E-013
          17          35   1.3424674544360747E-013
          17          36   1.4099917289365638E-012
          17          37  -1.4360089188299446E-013
          17          38  -4.6885172007820786E-013
          17          39   2.3463694767362597E-013
          18           1  -2.8939850137481011E-012
          18           2   2.0886073158120065E-011
          18           3   2.5836612519124022E-011
          18           4  -3.0787771788738651E-011
          18           5   1.5764392579036388E-010
          18           6   4.2438226470211835E-011
          18           7  -1.7840243171635737E-013
          18           8  -8.9968310579280836E-013
          18           9  -4.3226323352768062E-002
          18          10  -4.9148185521349978E-013
          18          11   2.7311486405668095E-014
          18          12  -1.8043376311057679     
          18          13  -4.1902939451642286E-013
          18          14   1.6938950242463266E-012
          18          15  -17.652782641715302     
          18          16  -4.0282083224593270E-012
          18          17   9.1145840874762453E-013
          18          18   18.793384092047347     
          18          19   2.2235746230392183E-012
          18          20  -2.3019190720230325E-012
          18          21  -2.8800316879096104     
          18          22  -3.5092815920595736E-011
          18          23  -2.1119985866042432E-012
          18          24  -3.5725339269012170E-011
          18          25   9.7460648715379476E-014
          18          26   1.8817095022321640E-012
          18          27  -3.1259862968698021E-011
          18          28  -3.9630766327765910E-011
          18          29   1.0101334301619538E-012
          18          30  -3.6183447868496117E-011
          18          31  -4.4707190401034343E-012
          18          32  -2.0532623483055510E-012
          18          33  -4.5027498892503681E-011
          18          34  -3.5989474350761153E-011
          18          35   4.9414857589401145E-013
          18          36  -3.9878309643670628E-011
          18          37   3.1428927341244303E-012
          18          38   2.0692665146109808E-012
          18          39  -3.2827572459320662E-011
          19           1  -2.4249230665385466E-013
          19           2  -4.5513739532614888E-012
          19           3  -1.0235111389284483E-011
          19           4  -7.7238366737889955E-012
          19           5  -1.5024565514917428E-012
          19           6   1.6264339345348471E-012
          19           7   1.4375999251428469E-002
          19           8   3.0082273477782932E-013
          19           9  -4.2919395251348075E-013
          19          10  0.32991703372863579     
          19          11   8.6208817862149262E-014
          19          12  -1.2533897530976330E-013
          19          13   2.7063683976607704     
          19          14   2.2137847111024864E-013
          19          15  -2.0432236631784266E-012
          19          16  -2.8800316879055798     
          19          17  -3.8267999880047617E-013
          19          18   2.2235746230392183E-012
          19          19  0.44281703878108636     
          19          20   3.2829121365818079E-013
          19          21  -3.8433611761894808E-013
          19          22   4.8383659451982390E-012
          19          23   9.4395222550026939E-014
          19          24   5.1021006939982245E-012
          19          25  -4.2149479315359240E-014
          19          26  -3.4614830536135693E-013
          19          27   4.8979602639763191E-012
          19          28   2.8119348255502093E-012
          19          29  -1.7384571848433746E-013
          19          30   2.3576278561649936E-012
          19          31   2.8437769839246135E-013
          19          32   3.0621123702521627E-013
          19          33   3.3188965778886213E-012
          19          34  -8.2629147700145588E-014
          19          35   8.3129568326996575E-014
          19          36   2.3344576204462794E-013
          19          37  -1.3866480140512443E-013
          19          38  -2.4472104875624327E-013
          19          39  -4.5469322246924940E-013
          20           1   1.5504369060724624E-013
          20           2   1.8612644945643343E-012
          20           3   3.8753879150463415E-012
          20           4   2.6610444552542600E-012
          20           5   5.6968155337376431E-013
          20           6  -1.1631494939252552E-013
          20           7   3.9161382470177228E-014
          20           8   1.4375999251477528E-002
          20           9   1.8830987116857989E-013
          20          10   1.1339540417763368E-013
          20          11  0.32991703372874148     
          20          12   2.0923020260799038E-013
          20          13   1.6159712457053535E-012
          20          14   2.7063683976625326     
          20          15   2.1658404236735151E-012
          20          16  -1.7562340470789296E-012
          20          17  -2.8800316879076897     
          20          18  -2.3019190720230325E-012
          20          19   3.2829121365818079E-013
          20          20  0.44281703878166900     
          20          21   3.5951309203945887E-013
          20          22  -1.9296612429142440E-012
          20          23   5.5961302847517170E-014
          20          24  -1.9367004222150374E-012
          20          25  -6.4269786086750883E-014
          20          26   1.7592904621574361E-013
          20          27  -2.0131655017838205E-012
          20          28  -9.8945594230617683E-013
          20          29   3.1821523544729004E-014
          20          30  -8.7372313353015560E-013
          20          31  -6.5736563011342835E-014
          20          32  -9.4120790656905065E-014
          20          33  -1.1131549839922271E-012
          20          34  -1.3488122650463028E-013
          20          35  -2.0379463671335669E-014
          20          36  -2.3327454957006210E-013
          20          37   2.4858155850988787E-014
          20          38   7.2654472705832009E-014
          20          39  -6.1837798066380661E-014
          21           1   3.6560412168521580E-013
          21           2  -4.3475649011980141E-012
          21           3  -6.5892890691700334E-012
          21           4   2.5738140101681599E-012
