           1           1   1.0052994226268892     
           1           2  -1.2936811783055856E-002
           1           3   1.6827684666478215E-002
           1           4  -1.3417287430058853E-015
           1           5  -1.2328943642987056E-015
           1           6  -2.5456596136058600E-015
           1           7   5.0709213707700325E-016
           1           8   5.9089540835754844E-015
           1           9   7.1916685235392637E-015
           2           1  -1.2936811783055856E-002
           2           2   1.6647885728700740E-004
           2           3  -2.1654900458014138E-004
           2           4   1.7266191366972924E-017
           2           5   1.5865643588698543E-017
           2           6   3.2759114890259403E-017
           2           7  -6.5255737607913786E-018
           2           8  -7.6040058407858750E-017
           2           9  -9.2546817396994439E-017
           3           1   1.6827684666478215E-002
           3           2  -2.1654900458014138E-004
           3           3   2.8167823920010671E-004
           3           4  -2.2459167574428205E-017
           3           5  -2.0637391330917702E-017
           3           6  -4.2611739628788280E-017
           3           7   8.4882039992470958E-018
           3           8   9.8909850925092331E-017
           3           9   1.2038117939402339E-016
           4           1  -1.3417287430058853E-015
           4           2   1.7266191366972924E-017
           4           3  -2.2459167574428205E-017
           4           4   1.7907460994099265E-030
           4           5   1.6454896605302160E-030
           4           6   3.3975794639960835E-030
           4           7  -6.7679348098165033E-031
           4           8  -7.8864200621129131E-030
           4           9  -9.5984023774622163E-030
           5           1  -1.2328943642987056E-015
           5           2   1.5865643588698543E-017
           5           3  -2.0637391330917702E-017
           5           4   1.6454896605302160E-030
           5           5   1.5120157032892861E-030
           5           6   3.1219846748109904E-030
           5           7  -6.2189535168415170E-031
           5           8  -7.2467127947847860E-030
           5           9  -8.8198275986344853E-030
           6           1  -2.5456596136058600E-015
           6           2   3.2759114890259403E-017
           6           3  -4.2611739628788280E-017
           6           4   3.3975794639960835E-030
           6           5   3.1219846748109904E-030
           6           6   6.4462216156559868E-030
           6           7  -1.2840790959183885E-030
           6           8  -1.4962891085626687E-029
           6           9  -1.8211032158932333E-029
           7           1   5.0709213707700325E-016
           7           2  -6.5255737607913786E-018
           7           3   8.4882039992470958E-018
           7           4  -6.7679348098165033E-031
           7           5  -6.2189535168415170E-031
           7           6  -1.2840790959183885E-030
           7           7   2.5578691253338073E-031
           7           8   2.9805887546423742E-030
           7           9   3.6276142994508054E-030
           8           1   5.9089540835754844E-015
           8           2  -7.6040058407858750E-017
           8           3   9.8909850925092331E-017
           8           4  -7.8864200621129131E-030
           8           5  -7.2467127947847860E-030
           8           6  -1.4962891085626687E-029
           8           7   2.9805887546423742E-030
           8           8   3.4731680508248091E-029
           8           9   4.2271225998366514E-029
           9           1   7.1916685235392637E-015
           9           2  -9.2546817396994439E-017
           9           3   1.2038117939402339E-016
           9           4  -9.5984023774622163E-030
           9           5  -8.8198275986344853E-030
           9           6  -1.8211032158932333E-029
           9           7   3.6276142994508054E-030
           9           8   4.2271225998366514E-029
           9           9   5.1447454348793564E-029
