           1           1   6.2079439664669307     
           1           2   48.821531688401961     
           1           3   98.255014519325485     
           1           4   59.559502527443108     
           1           5  -41.870545978116091     
           1           6  -2.8210700821161612     
           1           7  -3.6829328319206372E-011
           1           8   9.7681709040954711E-012
           1           9   4.3021510902002233E-012
           1          10  -5.4330305271037150E-011
           1          11   2.5973135360987505E-011
           1          12   9.3072541903386188E-012
           1          13  -2.1103835691597011E-010
           1          14   5.1573487519968388E-011
           1          15   3.0566004806153253E-011
           1          16   2.2348594553021199E-010
           1          17  -5.5643310646730476E-011
           1          18  -3.2601043693530414E-011
           1          19  -4.2565182957690965E-011
           1          20   9.9422134960572370E-012
           1          21   6.0372737407059932E-012
           1          22  -41.592134895213505     
           1          23  -2.0362950578713194E-014
           1          24  -41.592134895213320     
           1          25   4.5965751137758692E-014
           1          26   4.2519538566803565E-014
           1          27  -41.592134895213164     
           1          28  -7.6184263328189878     
           1          29  -1.3978655827217315E-013
           1          30  -7.6184263328190545     
           1          31   9.4766819146141312E-014
           1          32   1.6038726399974342E-013
           1          33  -7.6184263328194426     
           1          34   4.5871513817625615     
           1          35   2.0749106557003931E-013
           1          36   4.5871513817631913     
           1          37  -9.0346560757325681E-014
           1          38  -1.8641913658549886E-013
           1          39   4.5871513817629692     
           2           1   48.821531688401961     
           2           2   596.33908495681874     
           2           3   1138.3044469956037     
           2           4   554.38527240216581     
           2           5  -118.00606997881239     
           2           6  -15.413718190956754     
           2           7  -8.0566551761298151E-011
           2           8   2.0593797581614164E-011
           2           9   7.8869950097668141E-012
           2          10  -9.8526781578765199E-011
           2          11   3.5196890473243186E-011
           2          12   3.7481023555209739E-011
           2          13  -3.5572633693145513E-010
           2          14   1.3505548670244050E-010
           2          15   1.0097114190299221E-010
           2          16   3.7745143584362730E-010
           2          17  -1.4310561095445400E-010
           2          18  -1.0792032968784182E-010
           2          19  -7.0940146153409003E-011
           2          20   2.6202075271898274E-011
           2          21   2.1126211628654292E-011
           2          22  -538.38881811141653     
           2          23  -6.2782522718988396E-013
           2          24  -538.38881811141596     
           2          25  -6.5054607026459289E-013
           2          26   4.2812431538324871E-013
           2          27  -538.38881811141584     
           2          28  -129.19784912187126     
           2          29   5.2375055821400171E-013
           2          30  -129.19784912187191     
           2          31   4.8139888516726496E-013
           2          32   1.1006895858171511E-012
           2          33  -129.19784912187262     
           2          34  -11.779874204936725     
           2          35  -3.4219902140051638E-013
           2          36  -11.779874204935568     
           2          37  -5.3181802677425134E-013
           2          38  -1.1938396370606408E-012
           2          39  -11.779874204935544     
           3           1   98.255014519325485     
           3           2   1138.3044469956037     
           3           3   2283.9119986311448     
           3           4   1365.4262610497519     
           3           5  -942.23644313483089     
           3           6  -63.396225751385472     
           3           7  -3.5097148218706788E-011
           3           8  -3.4257420042998959E-012
           3           9  -1.4293945908438599E-011
           3          10  -7.3214208702995610E-011
           3          11  -1.2472691054951467E-011
           3          12  -2.9059220943030036E-011
           3          13  -2.5733182729557617E-010
           3          14  -3.4383498513669614E-011
           3          15  -8.9082459922033112E-011
           3          16   2.7225067093278620E-010
           3          17   3.8041455591558924E-011
           3          18   9.3362169328331023E-011
           3          19  -5.1342181589502083E-011
           3          20  -7.0950537969094314E-012
           3          21  -1.6542691344597780E-011
           3          22  -969.76727115883307     
           3          23   4.7317585484008937E-013
           3          24  -969.76727115883284     
           3          25  -4.3597956479839270E-013
           3          26  -3.0819679829285782E-014
           3          27  -969.76727115883330     
           3          28  -178.07718302070685     
           3          29  -1.4373091478385333E-013
           3          30  -178.07718302070754     
           3          31   4.0691668545586223E-013
           3          32   1.7749066767616688E-012
           3          33  -178.07718302070907     
           3          34   101.12600852602790     
           3          35   6.8384165885814242E-014
           3          36   101.12600852603022     
           3          37  -4.0684818136633226E-013
           3          38  -1.8134016767213139E-012
           3          39   101.12600852603043     
           4           1   59.559502527443108     
           4           2   554.38527240216581     
           4           3   1365.4262610497519     
           4           4   1428.4170918884340     
           4           5  -2237.0566381696440     
           4           6  -115.98521929846156     
           4           7   4.9363807499484604E-012
           4           8  -6.0238588216063831E-011
           4           9  -8.5193722099932008E-011
           4          10   1.5133033542950158E-011
           4          11  -9.4143669614725814E-011
           4          12  -1.3324203653961237E-010
           4          13   6.1128962883807531E-011
           4          14  -3.4929188940671787E-010
           4          15  -4.7861841031982142E-010
           4          16  -6.5215444797494589E-011
           4          17   3.7088824246822693E-010
           4          18   5.0685672133839262E-010
           4          19   1.2373396790159856E-011
           4          20  -7.0030998848976418E-011
           4          21  -9.5186680138248485E-011
           4          22  -320.48982873857636     
           4          23   1.9997877129781531E-013
           4          24  -320.48982873857631     
           4          25  -2.8611782090253605E-013
           4          26  -2.1574628196725401E-013
           4          27  -320.48982873857636     
           4          28   82.190916377994910     
           4          29  -4.3191215291559952E-013
           4          30   82.190916377993872     
           4          31   9.6721906584275586E-014
           4          32   7.6532321338597531E-013
           4          33   82.190916377993588     
           4          34   356.40632940117155     
           4          35   1.8960893810353259E-013
           4          36   356.40632940117388     
           4          37  -1.7032710325844698E-013
           4          38  -9.8120415376749858E-013
           4          39   356.40632940117331     
           5           1  -41.870545978116091     
           5           2  -118.00606997881239     
           5           3  -942.23644313483089     
           5           4  -2237.0566381696440     
           5           5   4980.6035570800932     
           5           6   239.87509086301895     
           5           7  -2.1701472179266328E-010
           5           8   1.8932430383988384E-010
           5           9   2.4183201711154164E-010
           5          10  -3.5351806918867563E-010
           5          11   2.7774655435013688E-010
           5          12   4.0361031856506156E-010
           5          13  -1.4790828810705843E-009
           5          14   1.0802931758729882E-009
           5          15   1.4528492257418993E-009
           5          16   1.5728699094607605E-009
           5          17  -1.1467584194226861E-009
           5          18  -1.5406062393780339E-009
           5          19  -2.9441606962205339E-010
           5          20   2.1395954327759683E-010
           5          21   2.9043428379700441E-010
           5          22  -312.58693644749269     
           5          23  -2.0948868703536061E-012
           5          24  -312.58693644749150     
           5          25  -7.4027044733374464E-013
           5          26   1.0538970452116113E-012
           5          27  -312.58693644748973     
           5          28  -445.94759029314071     
           5          29   2.1468586022492309E-012
           5          30  -445.94759029313980     
           5          31   8.2789609964991429E-013
           5          32   5.5693600872070465E-013
           5          33  -445.94759029314076     
           5          34  -853.67194332324095     
           5          35  -1.1297570026436483E-012
           5          36  -853.67194332324402     
           5          37  -7.6377131236937719E-013
           5          38  -2.2262797108538080E-013
           5          39  -853.67194332324277     
           6           1  -2.8210700821161612     
           6           2  -15.413718190956754     
           6           3  -63.396225751385472     
           6           4  -115.98521929846156     
           6           5   239.87509086301895     
           6           6   11.723484609801856     
           6           7  -8.9627932010210356E-011
           6           8   3.4945037110226247E-011
           6           9   7.7914522784919175E-012
           6          10  -1.2739400285401824E-010
           6          11   5.5641498765929976E-011
           6          12   1.5400711955183549E-011
           6          13  -5.4661983142343968E-010
           6          14   2.1144275171395392E-010
           6          15   4.1182609383383009E-011
           6          16   5.7998664391631432E-010
           6          17  -2.2433222468522239E-010
           6          18  -4.3614614546218662E-011
           6          19  -1.0875569890352759E-010
           6          20   4.2266399574076201E-011
           6          21   8.3569383931046862E-012
           6          22  -6.2072837973132637     
           6          23  -2.2010075176710559E-014
           6          24  -6.2072837973130781     
           6          25   4.3542240216434103E-014
           6          26  -1.4065518257042211E-013
           6          27  -6.2072837973131749     
           6          28  -19.171323667794084     
           6          29   6.1488987586566637E-014
           6          30  -19.171323667794038     
           6          31   5.2259972251636459E-015
           6          32   3.7478352720562283E-014
           6          33  -19.171323667794045     
           6          34  -40.597078328950865     
           6          35  -2.9437333382820016E-014
           6          36  -40.597078328951021     
           6          37  -3.1458728392511204E-015
           6          38   7.9336350394646721E-015
           6          39  -40.597078328950957     
           7           1  -3.6829328319206372E-011
           7           2  -8.0566551761298151E-011
           7           3  -3.5097148218706788E-011
           7           4   4.9363807499484604E-012
           7           5  -2.1701472179266328E-010
           7           6  -8.9627932010210356E-011
           7           7   1.9966616043065899     
           7           8  -3.1632593625644295E-011
           7           9   1.5214146565850774E-011
           7          10   6.3591147466054571E-003
           7          11  -1.4533015329360141E-010
           7          12   2.5133629899531464E-010
           7          13  0.14102253103081644     
           7          14   1.5760446767096363E-011
           7          15   4.8607486091696025E-011
           7          16  -6.7824416676434102E-002
           7          17   2.1715180001383796E-011
           7          18  -8.0930664947403515E-011
           7          19   2.6570503448427738E-002
           7          20  -2.5443057600008791E-011
           7          21   2.1344588423121272E-011
           7          22   4.2562744128551538E-011
           7          23  -4.8347730739566270E-011
           7          24   5.1981752717064780E-011
           7          25   1.3488707295583433E-011
           7          26  -9.5673345392680489E-012
           7          27   5.5608429986289049E-011
           7          28   6.1404812396375270E-011
           7          29   1.0181391536296095E-011
           7          30   3.9558585022343054E-011
           7          31   2.4859935468584614E-011
           7          32  -1.9060287601118614E-011
           7          33   5.1926501501883111E-011
           7          34   9.9439751313194891E-011
           7          35   1.6048615786097735E-011
           7          36   6.3845828045653804E-011
           7          37  -2.2358365152640450E-011
           7          38   1.2271263052881505E-011
           7          39   5.4273621791313215E-011
           8           1   9.7681709040954711E-012
           8           2   2.0593797581614164E-011
           8           3  -3.4257420042998959E-012
           8           4  -6.0238588216063831E-011
           8           5   1.8932430383988384E-010
           8           6   3.4945037110226247E-011
           8           7  -3.1632593625644295E-011
           8           8   1.9966616042616756     
           8           9   2.0488752025292357E-012
           8          10   6.2359058888823956E-012
           8          11   6.3591145679268209E-003
           8          12   1.9190546721169800E-011
           8          13  -1.1394797258535114E-010
           8          14  0.14102253100077841     
           8          15  -5.2270588031534090E-011
           8          16   1.1322540214437108E-010
           8          17  -6.7824416657387268E-002
           8          18   6.1955745221665616E-011
           8          19  -2.1414898283487243E-011
           8          20   2.6570503477806366E-002
           8          21  -2.6304655285566860E-011
           8          22  -3.3191004925600308E-011
           8          23   1.8080307573602954E-011
           8          24  -3.0600565983056795E-011
           8          25   3.4474893608081482E-012
           8          26  -1.4330456616468565E-012
           8          27  -2.4627687383747425E-011
           8          28  -2.0040248329899158E-011
           8          29   4.6233715048099716E-012
           8          30  -1.6983903669548335E-011
           8          31  -6.9602958417208613E-012
           8          32   6.1518097299166885E-012
           8          33  -2.0734459021433146E-011
           8          34  -6.4177858500766247E-011
           8          35  -1.4218278931802959E-011
           8          36  -4.5452535706908427E-011
           8          37   5.5578001402069906E-012
           8          38  -2.5503678682828533E-012
           8          39  -3.3348559426446840E-011
           9           1   4.3021510902002233E-012
           9           2   7.8869950097668141E-012
           9           3  -1.4293945908438599E-011
           9           4  -8.5193722099932008E-011
           9           5   2.4183201711154164E-010
           9           6   7.7914522784919175E-012
           9           7   1.5214146565850774E-011
           9           8   2.0488752025292357E-012
           9           9   1.9966616043064431     
           9          10   3.0925411537147758E-011
           9          11  -2.2307646181663664E-011
           9          12   6.3591146855127290E-003
           9          13  -1.3080660166143074E-010
           9          14   7.2846523951896303E-011
           9          15  0.14102253106128718     
           9          16   1.4296382133683368E-010
           9          17  -7.0751479328000670E-011
           9          18  -6.7824416719943131E-002
           9          19  -4.0109354206009383E-011
           9          20   2.0669395014993655E-011
           9          21   2.6570503466419867E-002
           9          22  -4.5761802213010160E-011
           9          23   4.3348851519496513E-012
           9          24  -3.1740364203416167E-011
           9          25   2.5948378953148170E-012
           9          26   9.0699286942999000E-012
           9          27  -1.5574905557398562E-011
           9          28  -1.7322751529853653E-011
           9          29   1.3816425179053590E-011
           9          30  -2.2637088728334721E-011
           9          31   2.1743334956809916E-012
           9          32  -1.5188634727375495E-011
           9          33  -2.2784516364322098E-011
           9          34  -5.9137729381411071E-011
           9          35  -1.7209126124033165E-011
           9          36  -4.7197643112236162E-011
           9          37  -2.7577960780916788E-012
           9          38   8.8085731794286952E-012
           9          39  -2.8160326179745850E-011
          10           1  -5.4330305271037150E-011
          10           2  -9.8526781578765199E-011
          10           3  -7.3214208702995610E-011
          10           4   1.5133033542950158E-011
          10           5  -3.5351806918867563E-010
          10           6  -1.2739400285401824E-010
          10           7   6.3591147466054571E-003
          10           8   6.2359058888823956E-012
          10           9   3.0925411537147758E-011
          10          10   2.2220055961952228     
          10          11   2.1799978489058118E-011
          10          12  -8.2539530765729830E-012
          10          13   1.6688389666266503     
          10          14   8.0547624126127395E-011
          10          15   1.0576872710999215E-010
          10          16  -1.7801892768694967     
          10          17  -5.2802345829052268E-011
          10          18  -1.1085654616494259E-010
          10          19  0.39483838014361561     
          10          20  -3.8097986571061394E-011
          10          21   4.8054463186453796E-011
          10          22   3.6524613401487000E-011
          10          23  -1.2647680498272955E-010
          10          24   7.1812428804369764E-011
          10          25   6.2600930764356700E-011
          10          26  -6.9373413932874340E-011
          10          27   1.3391870688500506E-010
          10          28   1.0283947196602298E-010
          10          29   3.3597768658589781E-011
          10          30   6.2556370428264374E-011
          10          31   1.4550603297188224E-011
          10          32  -2.9216161044591508E-011
          10          33   6.0958938952566675E-011
          10          34   1.5021875816968927E-010
          10          35   1.7895663363212327E-011
          10          36   1.0855180821420258E-010
          10          37  -1.7847579981861613E-011
          10          38   1.4418633937818974E-011
          10          39   9.1552465679508301E-011
          11           1   2.5973135360987505E-011
          11           2   3.5196890473243186E-011
          11           3  -1.2472691054951467E-011
          11           4  -9.4143669614725814E-011
          11           5   2.7774655435013688E-010
          11           6   5.5641498765929976E-011
          11           7  -1.4533015329360141E-010
          11           8   6.3591145679268209E-003
          11           9  -2.2307646181663664E-011
          11          10   2.1799978489058118E-011
          11          11   2.2220055962756686     
          11          12   2.2878504646333889E-012
          11          13  -8.8717089230517580E-012
          11          14   1.6688389666978793     
          11          15   7.0728284340407599E-012
          11          16   4.5159154193882599E-012
          11          17  -1.7801892770068490     
          11          18   1.3802334275502948E-011
          11          19   1.2826857631601261E-012
          11          20  0.39483838020011902     
          11          21  -2.5620422450245351E-011
          11          22  -3.8130687398481688E-011
          11          23   5.0564029237124710E-012
          11          24  -3.8431020341397922E-011
          11          25   1.4502305764631274E-011
          11          26  -2.4744984898768117E-011
          11          27  -4.3787005290951540E-011
          11          28  -2.7742056283860211E-011
          11          29   1.3641729133490985E-011
          11          30  -2.2003987413332422E-011
          11          31  -1.5764555872715356E-011
          11          32   1.4035200137871077E-011
          11          33  -3.0594773416771032E-011
          11          34  -9.8960829486418215E-011
          11          35  -3.0535314997460758E-011
          11          36  -6.8341084920461524E-011
          11          37   1.1077239078152347E-011
          11          38  -8.4352655016622413E-012
          11          39  -4.6455491370814634E-011
          12           1   9.3072541903386188E-012
          12           2   3.7481023555209739E-011
          12           3  -2.9059220943030036E-011
          12           4  -1.3324203653961237E-010
          12           5   4.0361031856506156E-010
          12           6   1.5400711955183549E-011
          12           7   2.5133629899531464E-010
          12           8   1.9190546721169800E-011
          12           9   6.3591146855127290E-003
          12          10  -8.2539530765729830E-012
          12          11   2.2878504646333889E-012
          12          12   2.2220055962362157     
          12          13  -4.4701464751992477E-011
          12          14   1.8302859228217850E-012
          12          15   1.6688389666470762     
          12          16   6.0026317250102619E-011
          12          17   1.4292594885389553E-011
          12          18  -1.7801892769270906     
          12          19  -2.5163759964640862E-011
          12          20   5.8404149572155102E-013
          12          21  0.39483838015966355     
          12          22  -9.4974870131047578E-011
          12          23   3.2528221154185177E-011
          12          24  -7.7417548538679488E-011
          12          25  -1.0606862088472299E-011
          12          26   3.3492216685874161E-011
          12          27   1.3272638843836402E-013
          12          28  -2.8510244348713871E-011
          12          29   1.9855369764419145E-011
          12          30  -3.6007356258330327E-011
          12          31   5.5511518267635129E-014
          12          32  -3.6013956924694734E-011
          12          33  -4.9491799090789838E-011
          12          34  -9.7440318074827861E-011
          12          35  -1.6789117844140143E-011
          12          36  -7.8312056388296386E-011
          12          37   7.9508806371509711E-013
          12          38   1.8277108770640218E-011
          12          39  -4.3007281479585699E-011
          13           1  -2.1103835691597011E-010
          13           2  -3.5572633693145513E-010
          13           3  -2.5733182729557617E-010
          13           4   6.1128962883807531E-011
          13           5  -1.4790828810705843E-009
          13           6  -5.4661983142343968E-010
          13           7  0.14102253103081644     
          13           8  -1.1394797258535114E-010
          13           9  -1.3080660166143074E-010
          13          10   1.6688389666266503     
          13          11  -8.8717089230517580E-012
          13          12  -4.4701464751992477E-011
          13          13   12.157365849958445     
          13          14   1.0185097210069383E-010
          13          15   1.0861311849933198E-012
          13          16  -12.976969270608034     
          13          17   3.8779229827310604E-011
          13          18  -3.3246960740033094E-011
          13          19   2.3794364941127024     
          13          20  -1.7540113458891465E-010
          13          21   1.1638393027091408E-010
          13          22   3.1976529941628188E-010
          13          23  -2.3469789250211008E-010
          13          24   3.4060350345485468E-010
          13          25  -6.7727691483808156E-011
          13          26   4.1497041629142106E-011
          13          27   2.8380763590634706E-010
          13          28   3.6403028652987562E-010
          13          29   4.7549263165956918E-011
          13          30   2.8295191481809920E-010
          13          31   1.8364646700916533E-010
          13          32  -1.1347267963889908E-010
          13          33   3.6910779629283618E-010
          13          34   6.4417261616788300E-010
          13          35   9.9810812820142707E-011
          13          36   4.2619573166388413E-010
          13          37  -1.2661797805560549E-010
          13          38   6.6658399111296588E-011
          13          39   3.4738705462546662E-010
          14           1   5.1573487519968388E-011
          14           2   1.3505548670244050E-010
          14           3  -3.4383498513669614E-011
          14           4  -3.4929188940671787E-010
          14           5   1.0802931758729882E-009
          14           6   2.1144275171395392E-010
          14           7   1.5760446767096363E-011
          14           8  0.14102253100077841     
          14           9   7.2846523951896303E-011
          14          10   8.0547624126127395E-011
          14          11   1.6688389666978793     
          14          12   1.8302859228217850E-012
          14          13   1.0185097210069383E-010
          14          14   12.157365849896951     
          14          15  -3.0879493406742988E-011
          14          16  -1.4091550148975991E-010
          14          17  -12.976969270703078     
          14          18   8.6902915419350535E-011
          14          19   3.3880714206402729E-011
          14          20   2.3794364942707866     
          14          21  -7.7304867368566018E-011
          14          22  -1.9710028788645908E-010
          14          23   1.3152770003485964E-010
          14          24  -1.8306480888777885E-010
          14          25  -1.9972548864295836E-012
          14          26   3.2027328056662389E-011
          14          27  -1.2192639120283857E-010
          14          28  -1.1532271039549535E-010
          14          29   2.8661404062040152E-011
          14          30  -9.0903606107678163E-011
          14          31  -3.9292740945804225E-011
          14          32   1.5291145016923936E-011
          14          33  -1.1538237380144854E-010
          14          34  -3.6865543070406290E-010
          14          35  -7.7380025903578617E-011
          14          36  -2.6571099996963577E-010
          14          37   3.4941396841074548E-011
          14          38  -8.9367419824446296E-012
          14          39  -1.9317501041924114E-010
          15           1   3.0566004806153253E-011
          15           2   1.0097114190299221E-010
          15           3  -8.9082459922033112E-011
          15           4  -4.7861841031982142E-010
          15           5   1.4528492257418993E-009
          15           6   4.1182609383383009E-011
          15           7   4.8607486091696025E-011
          15           8  -5.2270588031534090E-011
          15           9  0.14102253106128718     
          15          10   1.0576872710999215E-010
          15          11   7.0728284340407599E-012
          15          12   1.6688389666470762     
          15          13   1.0861311849933198E-012
          15          14  -3.0879493406742988E-011
          15          15   12.157365849787412     
          15          16   5.3838933311564140E-011
          15          17   2.8943000773828231E-011
          15          18  -12.976969270519637     
          15          19  -7.7881728843819864E-011
          15          20   2.9962067549238611E-011
          15          21   2.3794364941288371     
          15          22  -2.6197685120244634E-010
          15          23   1.3209044923416189E-012
          15          24  -1.7303957223487058E-010
          15          25   1.0467466407591082E-011
          15          26   2.8486402113657541E-011
          15          27  -1.4255115408463536E-010
          15          28  -1.1751207193510879E-010
          15          29   7.7291247725753110E-011
          15          30  -1.5393856127725624E-010
          15          31   1.9840019229627381E-011
          15          32  -6.9789573715887020E-011
          15          33  -1.5501938680168574E-010
          15          34  -3.5891943337549255E-010
          15          35  -1.0896203254216099E-010
          15          36  -2.7042191089806613E-010
          15          37  -9.6619393596972051E-012
          15          38   4.1104876900555839E-011
          15          39  -1.6527799225723477E-010
          16           1   2.2348594553021199E-010
          16           2   3.7745143584362730E-010
          16           3   2.7225067093278620E-010
          16           4  -6.5215444797494589E-011
          16           5   1.5728699094607605E-009
          16           6   5.7998664391631432E-010
          16           7  -6.7824416676434102E-002
          16           8   1.1322540214437108E-010
          16           9   1.4296382133683368E-010
          16          10  -1.7801892768694967     
          16          11   4.5159154193882599E-012
          16          12   6.0026317250102619E-011
          16          13  -12.976969270608034     
          16          14  -1.4091550148975991E-010
          16          15   5.3838933311564140E-011
          16          16   13.855257294671253     
          16          17  -5.7632232319778929E-012
          16          18  -2.4323654201903455E-011
          16          19  -2.5398337535327125     
          16          20   1.8000451476596297E-010
          16          21  -1.1320651360780045E-010
          16          22  -3.3992305569545211E-010
          16          23   2.4848058456377108E-010
          16          24  -3.6147722153003143E-010
          16          25   7.2407853375319393E-011
          16          26  -4.4555440833456939E-011
          16          27  -3.0105196859715027E-010
          16          28  -3.8670688058558247E-010
          16          29  -5.0315923500168043E-011
          16          30  -3.0112290980677374E-010
          16          31  -1.9496183140969813E-010
          16          32   1.2032144409132830E-010
          16          33  -3.9252012357580922E-010
          16          34  -6.8415449417599910E-010
          16          35  -1.0592652069042722E-010
          16          36  -4.5283108154720032E-010
          16          37   1.3422562600923294E-010
          16          38  -7.0645792604195761E-011
          16          39  -3.6912386842306669E-010
          17           1  -5.5643310646730476E-011
          17           2  -1.4310561095445400E-010
          17           3   3.8041455591558924E-011
          17           4   3.7088824246822693E-010
          17           5  -1.1467584194226861E-009
          17           6  -2.2433222468522239E-010
          17           7   2.1715180001383796E-011
          17           8  -6.7824416657387268E-002
          17           9  -7.0751479328000670E-011
          17          10  -5.2802345829052268E-011
          17          11  -1.7801892770068490     
          17          12   1.4292594885389553E-011
          17          13   3.8779229827310604E-011
          17          14  -12.976969270703078     
          17          15   2.8943000773828231E-011
          17          16  -5.7632232319778929E-012
          17          17   13.855257294943311     
          17          18  -8.7927026770628034E-011
          17          19  -6.8649877449371616E-012
          17          20  -2.5398337537326015     
          17          21   8.1618590358489711E-011
          17          22   2.0865449142731857E-010
          17          23  -1.3972742997759994E-010
          17          24   1.9387375910208652E-010
          17          25   2.2209549577304970E-012
          17          26  -3.4235271030774298E-011
          17          27   1.2874473282616145E-010
          17          28   1.2247066311514149E-010
          17          29  -3.0405533685770366E-011
          17          30   9.6497271695381930E-011
          17          31   4.1679722856138706E-011
          17          32  -1.6076610952357207E-011
          17          33   1.2249661245059338E-010
          17          34   3.9112892659125948E-010
          17          35   8.2026545240634688E-011
          17          36   2.8199701817161106E-010
          17          37  -3.7085792140155310E-011
          17          38   9.4374912180633590E-012
          17          39   2.0503936396018466E-010
          18           1  -3.2601043693530414E-011
          18           2  -1.0792032968784182E-010
          18           3   9.3362169328331023E-011
          18           4   5.0685672133839262E-010
          18           5  -1.5406062393780339E-009
          18           6  -4.3614614546218662E-011
          18           7  -8.0930664947403515E-011
          18           8   6.1955745221665616E-011
          18           9  -6.7824416719943131E-002
          18          10  -1.1085654616494259E-010
          18          11   1.3802334275502948E-011
          18          12  -1.7801892769270906     
          18          13  -3.3246960740033094E-011
          18          14   8.6902915419350535E-011
          18          15  -12.976969270519637     
          18          16  -2.4323654201903455E-011
          18          17  -8.7927026770628034E-011
          18          18   13.855257294676559     
          18          19   7.6445433316862131E-011
          18          20  -2.0658136659634959E-011
          18          21  -2.5398337535685735     
          18          22   2.7823079331775406E-010
          18          23  -1.2344434593150296E-012
          18          24   1.8388331693772288E-010
          18          25  -1.1253746833247695E-011
          18          26  -2.9976799812334572E-011
          18          27   1.5204027953449833E-010
          18          28   1.2480078815370625E-010
          18          29  -8.1950767444957572E-011
          18          30   1.6346765426478794E-010
          18          31  -2.1056841063599502E-011
          18          32   7.3865434006483261E-011
          18          33   1.6460862173093356E-010
          18          34   3.8070482542389095E-010
          18          35   1.1564159590201729E-010
          18          36   2.8670444947586846E-010
          18          37   1.0185539919149895E-011
          18          38  -4.3514927026244665E-011
          18          39   1.7522665004378651E-010
          19           1  -4.2565182957690965E-011
          19           2  -7.0940146153409003E-011
          19           3  -5.1342181589502083E-011
          19           4   1.2373396790159856E-011
          19           5  -2.9441606962205339E-010
          19           6  -1.0875569890352759E-010
          19           7   2.6570503448427738E-002
          19           8  -2.1414898283487243E-011
          19           9  -4.0109354206009383E-011
          19          10  0.39483838014361561     
          19          11   1.2826857631601261E-012
          19          12  -2.5163759964640862E-011
          19          13   2.3794364941127024     
          19          14   3.3880714206402729E-011
          19          15  -7.7881728843819864E-011
          19          16  -2.5398337535327125     
          19          17  -6.8649877449371616E-012
          19          18   7.6445433316862131E-011
          19          19  0.46803767699712179     
          19          20  -3.2497859004526516E-011
          19          21   7.7128529257787452E-012
          19          22   6.2115870917174911E-011
          19          23  -4.9173346708061249E-011
          19          24   6.7169534550824677E-011
          19          25  -1.0746269353884458E-011
          19          26   5.4737180312240695E-012
          19          27   5.8720948909720503E-011
          19          28   7.2951026718393336E-011
          19          29   1.0236295978138916E-011
          19          30   5.6123055850269338E-011
          19          31   3.5558832534277349E-011
          19          32  -2.2650451537118237E-011
          19          33   7.2454968407128582E-011
          19          34   1.2812644312525295E-010
          19          35   1.9671200730763965E-011
          19          36   8.5056601470420933E-011
          19          37  -2.4785413157345712E-011
          19          38   1.3213916347125527E-011
          19          39   6.9454930533387442E-011
          20           1   9.9422134960572370E-012
          20           2   2.6202075271898274E-011
          20           3  -7.0950537969094314E-012
          20           4  -7.0030998848976418E-011
          20           5   2.1395954327759683E-010
          20           6   4.2266399574076201E-011
          20           7  -2.5443057600008791E-011
          20           8   2.6570503477806366E-002
          20           9   2.0669395014993655E-011
          20          10  -3.8097986571061394E-011
          20          11  0.39483838020011902     
          20          12   5.8404149572155102E-013
          20          13  -1.7540113458891465E-010
          20          14   2.3794364942707866     
          20          15   2.9962067549238611E-011
          20          16   1.8000451476596297E-010
          20          17  -2.5398337537326015     
          20          18  -2.0658136659634959E-011
          20          19  -3.2497859004526516E-011
          20          20  0.46803767706257993     
          20          21  -8.8318662279373869E-012
          20          22  -3.8358477221626143E-011
          20          23   2.5275478753340309E-011
          20          24  -3.5842147939314678E-011
          20          25   1.3182078098417378E-013
          20          26   5.2479873975577406E-012
          20          27  -2.4263211262054813E-011
          20          28  -2.2525323894621646E-011
          20          29   5.9448400077086738E-012
          20          30  -1.7627487432855884E-011
          20          31  -8.0478209931122622E-012
          20          32   3.4053204972645034E-012
          20          33  -2.2617312663404853E-011
          20          34  -7.3448874281089555E-011
          20          35  -1.5824439187501314E-011
          20          36  -5.2759102050675811E-011
          20          37   7.0542469160405394E-012
          20          38  -1.9978030210001927E-012
          20          39  -3.8147636530956932E-011
          21           1   6.0372737407059932E-012
          21           2   2.1126211628654292E-011
          21           3  -1.6542691344597780E-011
          21           4  -9.5186680138248485E-011
