           1           1   31.066573567802013     
           1           2   138.70284031189846     
           1           3   274.37046686984752     
           1           4  -264.33043363280410     
           1           5   148.99113638015027     
           1           6   185.63314340990252     
           1           7 -0.61587606491690927     
           1           8  -6.7628554989624739E-013
           1           9  -2.2392122379094884E-011
           1          10  -2.4298953993032754E-012
           1          11  -1.3617231704316781E-010
           1          12  -2.0204547343996709E-010
           1          13   6.2495215649623195E-013
           1          14  -3.1760298882497201E-009
           1          15  -1.3367294000200223E-009
           1          16  -3.5645441493860104E-010
           1          17   4.0297730510345895E-009
           1          18   1.2778939645377117E-009
           1          19   5.0020552541245220E-010
           1          20  -1.2673006995382967E-009
           1          21  -2.9817299575069662E-010
           1          22  -1.7233436925000515E-010
           1          23   4.4583565020004160E-011
           1          24  -8.4453830260047791E-012
           1          25   1.0197404148876652E-011
           1          26  -146.64170899843165     
           1          27  -1.8777886241885151E-012
           1          28  -146.64170899843782     
           1          29  -1.7854690642319586E-012
           1          30  -3.4710076277641403E-013
           1          31  -146.64170899843481     
           1          32   63.785889255813608     
           1          33  -2.9782006753674770E-012
           1          34   63.785889255798878     
           1          35  -5.2727216739619674E-012
           1          36  -4.7493070632319886E-012
           1          37   63.785889255803795     
           1          38   41.148977905668346     
           1          39   4.8317729324874493E-012
           1          40   41.148977905689136     
           1          41   5.7550291459317903E-012
           1          42   3.6436837124636055E-012
           1          43   41.148977905679438     
           1          44  -1.7141410256633574     
           1          45  -1.6046047769154463E-012
           1          46  -1.7141410256713936     
           1          47  -1.7747074273288571E-012
           1          48  -2.3356517562122115E-013
           1          49  -1.7141410256643348     
           1          50   1.3928617030706660E-010
           1          51   6.1901533153788735E-011
           1          52   6.3892454710510671E-011
           1          53   1.3431992918525655E-010
           1          54   3.5080366388295601E-012
           1          55  -1.3893655205526323E-012
           1          56   3.5141885314359910E-012
           1          57   6.0998844955448874E-011
           1          58   5.6028343400275496E-011
           1          59   7.4079822526826229E-012
           1          60   3.6031025221676191E-011
           1          61   6.9937381000001318E-011
           1          62   1.5111139136480567E-011
           1          63   1.5684243399517164E-010
           1          64  -5.3699377923640902E-012
           1          65   7.1112220679133323E-013
           1          66  -5.6961984395162126E-012
           1          67   1.4246455645979499E-011
           1          68   7.3648316881092583E-011
           1          69  -1.1175550848198678E-011
           2           1   138.70284031189846     
           2           2   620.86118568299207     
           2           3   1254.4401174049483     
           2           4  -1140.3300756874257     
           2           5   699.49122304969296     
           2           6   877.53536714635050     
           2           7   4.1780636835204206     
           2           8  -7.3695844379574940E-011
           2           9  -4.4397012559580043E-011
           2          10   6.1660054722588286E-012
           2          11  -1.2621960848793262E-009
           2          12  -3.4303120058058228E-010
           2          13   1.6088252333276812E-010
           2          14  -1.3772090045580854E-008
           2          15  -4.2005241868802732E-009
           2          16  -1.3078700575705145E-009
           2          17   1.5576714987405371E-008
           2          18   4.8298419960221597E-009
           2          19   2.2859736192863782E-009
           2          20  -4.4030758551562163E-009
           2          21  -1.4120246853711757E-009
           2          22  -8.9222592543327366E-010
           2          23   5.4877216344016407E-011
           2          24   3.6074531639305319E-011
           2          25   7.0237657159861668E-011
           2          26  -686.55716595068293     
           2          27  -6.9280991975476715E-012
           2          28  -686.55716595071010     
           2          29  -8.8848456818687454E-012
           2          30  -2.9734869693988874E-012
           2          31  -686.55716595069623     
           2          32   253.48466738062612     
           2          33  -1.3380309357393117E-011
           2          34   253.48466738056484     
           2          35  -2.0774673516937799E-011
           2          36  -1.9232633792193570E-011
           2          37   253.48466738058539     
           2          38   188.32302375840570     
           2          39   2.1025320835735389E-011
           2          40   188.32302375849346     
           2          41   2.3152904633398644E-011
           2          42   1.5591433488217470E-011
           2          43   188.32302375845231     
           2          44  -15.973188399703304     
           2          45  -7.1390063823144478E-012
           2          46  -15.973188399737664     
           2          47  -7.1087528938264700E-012
           2          48  -1.5207729188108382E-012
           2          49  -15.973188399707807     
           2          50   9.5048365324383854E-010
           2          51   1.3042500657892102E-010
           2          52   4.3139568665581364E-010
           2          53   2.7270603768471161E-010
           2          54  -2.3548198404725831E-011
           2          55  -5.9847765627770222E-012
           2          56  -2.3323384281209480E-011
           2          57   4.1893771622149467E-010
           2          58   1.0475999177304773E-010
           2          59  -5.4313993425006545E-011
           2          60   7.9681706804856515E-010
           2          61   9.6775741120223753E-011
           2          62   3.5223473222281831E-010
           2          63   2.1946198838040557E-010
           2          64  -8.7538341251497448E-011
           2          65   3.0977703727720543E-012
           2          66  -8.9333081455908871E-011
           2          67   3.4854479261201650E-010
           2          68   1.1326974264288942E-010
           2          69  -1.9310587771338205E-010
           3           1   274.37046686984752     
           3           2   1254.4401174049483     
           3           3   2967.3201932871839     
           3           4  -1594.5431992033459     
           3           5   1946.7507832917154     
           3           6   2535.2108867530424     
           3           7   121.48623153725212     
           3           8  -2.7235451402092984E-010
           3           9   1.8306497921913345E-010
           3          10   6.6387230393760041E-011
           3          11  -5.5740401646976900E-010
           3          12   6.3578162147578961E-010
           3          13   1.5058617437739678E-010
           3          14  -7.2514823672003951E-009
           3          15   7.3183997927021790E-009
           3          16   1.7384185568295281E-010
           3          17   8.4403684482390092E-009
           3          18  -8.3387372783625649E-009
           3          19   2.2208006042066945E-010
           3          20  -2.4576780190876831E-009
           3          21   2.3470915553349143E-009
           3          22  -1.7965024572220023E-010
           3          23   5.5216804421444678E-011
           3          24  -3.2233557458561008E-011
           3          25   1.6988943425264750E-011
           3          26  -1882.5101054582699     
           3          27  -2.6638550005764022E-012
           3          28  -1882.5101054583026     
           3          29  -1.0426416454689856E-011
           3          30  -9.9263920454143995E-012
           3          31  -1882.5101054582838     
           3          32  -14.224010978182122     
           3          33  -7.5289215829066664E-012
           3          34  -14.224010978247783     
           3          35  -3.0173743119263618E-011
           3          36  -3.5919572541710672E-011
           3          37  -14.224010978205326     
           3          38   447.38933755120132     
           3          39   1.9335807578061423E-011
           3          40   447.38933755130250     
           3          41   2.6494928821676765E-011
           3          42   3.9456070288916964E-011
           3          43   447.38933755124054     
           3          44  -168.10646522563465     
           3          45  -1.2354232300468856E-011
           3          46  -168.10646522567856     
           3          47  -2.9193388941230350E-012
           3          48  -1.2879796520211251E-011
           3          49  -168.10646522564537     
           3          50   4.7769107387527287E-010
           3          51  -1.9889799212562005E-010
           3          52   2.1250672014095937E-010
           3          53  -4.9281794460482946E-010
           3          54  -3.8331960653324049E-011
           3          55  -8.2231629720557600E-012
           3          56  -3.4633347409039948E-011
           3          57   1.9548496016717398E-010
           3          58  -2.4042002318652856E-010
           3          59  -8.4252950866130108E-011
           3          60   3.3030322248061267E-010
           3          61  -1.8344819202133429E-010
           3          62   1.4554119857386020E-010
           3          63  -3.8730045797103326E-010
           3          64  -6.2635749847558373E-011
           3          65   4.8501194282293664E-012
           3          66  -7.1737895174670233E-011
           3          67   1.4101915834153966E-010
           3          68  -1.5203353968083998E-010
           3          69  -1.5264681289288438E-010
           4           1  -264.33043363280410     
           4           2  -1140.3300756874257     
           4           3  -1594.5431992033459     
           4           4   3512.8193393840024     
           4           5  -560.33864869266415     
           4           6  -634.58841866380237     
           4           7   115.27739028716198     
           4           8  -4.4232696847525571E-010
           4           9   7.3316613407073993E-010
           4          10   1.6239887301629953E-010
           4          11   5.2467845599745927E-009
           4          12   2.8657745191145507E-009
           4          13  -5.1328189420797392E-010
           4          14   5.6990377287632266E-008
           4          15   3.3354361329085384E-008
           4          16   7.2624256992649979E-009
           4          17  -6.4619981983575892E-008
           4          18  -3.7935415105588538E-008
           4          19  -1.1522714238100802E-008
           4          20   1.8313286784206044E-008
           4          21   1.0859428710894087E-008
           4          22   4.2856568501916885E-009
           4          23  -2.0902894644071193E-010
           4          24  -2.2483907113532117E-010
           4          25  -3.2604233600128931E-010
           4          26   499.67391581421396     
           4          27   3.4270557800032984E-011
           4          28   499.67391581430087     
           4          29   2.8052779540761833E-011
           4          30  -3.8102722881927203E-012
           4          31   499.67391581426091     
           4          32  -1291.6320445060715     
           4          33   5.5376907358583188E-011
           4          34  -1291.6320445058650     
           4          35   5.7800382816272231E-011
           4          36   4.2915733838798136E-011
           4          37  -1291.6320445059023     
           4          38  -301.54889781370008     
           4          39  -7.5984493714457461E-011
           4          40  -301.54889781398560     
           4          41  -7.4882552212473894E-011
           4          42  -1.8384150582900145E-011
           4          43  -301.54889781387249     
           4          44  -150.27921749840101     
           4          45   1.7273509938420487E-011
           4          46  -150.27921749829514     
           4          47   3.1395477562730631E-011
           4          48  -1.2105710553825725E-011
           4          49  -150.27921749839629     
           4          50  -3.8666367208148958E-009
           4          51  -1.0144768344727851E-009
           4          52  -1.7654141267739888E-009
           4          53  -2.2481807891279254E-009
           4          54   3.9036515179686376E-011
           4          55   1.8195433295400058E-011
           4          56   4.3873701469071827E-011
           4          57  -1.7282327724250705E-009
           4          58  -9.4687241974984764E-010
           4          59   9.6678679201053062E-011
           4          60  -3.2680505434373065E-009
           4          61  -8.3429453700916356E-010
           4          62  -1.4453424493275128E-009
           4          63  -1.8441978175268922E-009
           4          64   3.1813985850088687E-010
           4          65  -8.2791562328120838E-012
           4          66   3.1391724350334858E-010
           4          67  -1.4359632643964853E-009
           4          68  -8.6702945184279926E-010
           4          69   6.7662595277733079E-010
           5           1   148.99113638015027     
           5           2   699.49122304969296     
           5           3   1946.7507832917154     
           5           4  -560.33864869266415     
           5           5   1533.9892148436802     
           5           6   2088.4413897817703     
           5           7   180.75916665706328     
           5           8  -3.5261959877019617E-011
           5           9   1.7036114161859420E-010
           5          10   2.6598840589555375E-011
           5          11   9.7998077317769423E-010
           5          12   1.2719651523548308E-009
           5          13  -3.2929302049756188E-011
           5          14   1.0131920434648457E-008
           5          15   1.4411332020133741E-008
           5          16   1.7292509903311085E-009
           5          17  -1.1314174812098728E-008
           5          18  -1.6371344938189881E-008
           5          19  -2.4838546773372006E-009
           5          20   3.1518850030503191E-009
           5          21   4.6474348400456852E-009
           5          22   8.7739380186021027E-010
           5          23  -2.8036160435805354E-011
           5          24  -7.4214543570602564E-011
           5          25  -6.8005000615194968E-011
           5          26  -1413.9689783048150     
           5          27   5.3472116105464598E-012
           5          28  -1413.9689783048184     
           5          29   1.6380012103285917E-013
           5          30  -5.9819006994081783E-012
           5          31  -1413.9689783048134     
           5          32  -385.01745886134734     
           5          33   8.2183894021109529E-012
           5          34  -385.01745886134472     
           5          35  -9.8800850182108607E-012
           5          36  -2.0492883311910837E-011
           5          37  -385.01745886132039     
           5          38   333.05109687810051     
           5          39  -4.2435197009636484E-012
           5          40   333.05109687810580     
           5          41   1.1024585142651910E-012
           5          42   2.9542957121740659E-011
           5          43   333.05109687808442     
           5          44  -210.78128003510042     
           5          45  -6.0383224065006842E-012
           5          46  -210.78128003510835     
           5          47   6.2905700043543897E-012
           5          48  -1.4550456166265180E-011
           5          49  -210.78128003510713     
           5          50  -7.0023825867786197E-010
           5          51  -4.2029981769311793E-010
           5          52  -3.2212051216214261E-010
           5          53  -9.7417444882332186E-010
           5          54  -1.1805497237439691E-011
           5          55  -2.4795174597887431E-012
           5          56  -7.5122952532266412E-012
           5          57  -3.2666314198419176E-010
           5          58  -4.3855012928983402E-010
           5          59  -2.1427658341532496E-011
           5          60  -6.4037882245470534E-010
           5          61  -3.6811956285105983E-010
           5          62  -2.8261176580575097E-010
           5          63  -7.9883969141734179E-010
           5          64   4.0307026155382980E-011
           5          65   1.9179337552761306E-012
           5          66   3.0676704161196642E-011
           5          67  -2.8185430847789217E-010
           5          68  -3.5230023456170933E-010
           5          69   7.1336058736331387E-011
           6           1   185.63314340990252     
           6           2   877.53536714635050     
           6           3   2535.2108867530424     
           6           4  -634.58841866380237     
           6           5   2088.4413897817703     
           6           6   2873.3801402162449     
           6           7   271.58313815065048     
           6           8   1.4795346415815068E-010
           6           9   3.0524031354670687E-010
           6          10  -8.7490533215617923E-012
           6          11   2.9256840962115358E-009
           6          12   3.0795148548858132E-009
           6          13  -4.1325725803757518E-010
           6          14   2.8117854783595348E-008
           6          15   3.5488387437724003E-008
           6          16   2.0020868890511887E-009
           6          17  -3.0868303062582721E-008
           6          18  -4.0646814743345480E-008
           6          19  -3.9369811967201988E-009
           6          20   8.4419923918099272E-009
           6          21   1.1636271769794686E-008
           6          22   1.6344592559499516E-009
           6          23  -4.2731855991873496E-011
           6          24  -1.9298284472148487E-010
           6          25  -1.6311872474081142E-010
           6          26  -1896.9724691517845     
           6          27   1.1367379373164332E-012
           6          28  -1896.9724691517886     
           6          29   6.3647162881229060E-012
           6          30  -3.4033765302451628E-012
           6          31  -1896.9724691517927     
           6          32  -608.23599227837315     
           6          33   2.5869831334548636E-011
           6          34  -608.23599227835007     
           6          35  -1.6743854911466388E-011
           6          36  -3.2247046678237392E-011
           6          37  -608.23599227830539     
           6          38   453.68959056853475     
           6          39  -1.7635922549678896E-011
           6          40   453.68959056852043     
           6          41   1.1485131073948247E-012
           6          42   4.3762420350143163E-011
           6          43   453.68959056848854     
           6          44  -307.78695769149977     
           6          45  -6.6590727550895427E-012
           6          46  -307.78695769150409     
           6          47   1.0041351255286148E-011
           6          48  -2.1161391658400896E-011
           6          49  -307.78695769150693     
           6          50  -2.1019423614325826E-009
           6          51  -1.0452047873729907E-009
           6          52  -9.5366302079554799E-010
           6          53  -2.3828753410898045E-009
           6          54   7.2179608517664565E-011
           6          55  -2.5627706724817047E-012
           6          56   7.8285127069980585E-011
           6          57  -9.5792069958587591E-010
           6          58  -1.0670408217653174E-009
           6          59   1.6917535092161307E-010
           6          60  -1.9312540266789735E-009
           6          61  -8.4092087730755773E-010
           6          62  -8.5715723648245733E-010
           6          63  -1.8461415169780585E-009
           6          64   2.0800075063327793E-010
           6          65   2.1955723620788914E-012
           6          66   1.9426291534194713E-010
           6          67  -8.5485032786646568E-010
           6          68  -8.2171356297089588E-010
           6          69   4.3785861198227546E-010
           7           1 -0.61587606491690927     
           7           2   4.1780636835204206     
           7           3   121.48623153725212     
           7           4   115.27739028716198     
           7           5   180.75916665706328     
           7           6   271.58313815065048     
           7           7   44.807042640099269     
           7           8   9.5262418099131266E-011
           7           9   5.4746179871301699E-011
           7          10  -1.3357950907133607E-011
           7          11   1.0355461835445756E-009
           7          12   7.4087200281176409E-010
           7          13  -1.4209188066331652E-010
           7          14   1.0458687289363274E-008
           7          15   8.8588475995878832E-009
           7          16   8.7544934799080208E-010
           7          17  -1.1633854626250555E-008
           7          18  -1.0241661858316767E-008
           7          19  -1.6243160793835568E-009
           7          20   3.2283333702421340E-009
           7          21   2.9635725492195281E-009
           7          22   6.5146372871502746E-010
           7          23  -2.7920720136827533E-011
           7          24  -5.5121435517313631E-011
           7          25  -5.5648351432813526E-011
           7          26  -146.42407542402970     
           7          27  -6.8046700041125670E-013
           7          28  -146.42407542402677     
           7          29   3.6193643944431204E-012
           7          30   7.2356925788168181E-013
           7          31  -146.42407542403106     
           7          32  -144.83000620769815     
           7          33   9.7770252194412074E-012
           7          34  -144.83000620767933     
           7          35   4.2462907173352051E-013
           7          36  -1.7123893017884167E-012
           7          37  -144.83000620767524     
           7          38   34.705062282298698     
           7          39  -8.9655610572676838E-012
           7          40   34.705062282276856     
           7          41  -3.7704978356772878E-012
           7          42   3.9535655893004438E-012
           7          43   34.705062282279279     
           7          44  -46.120615465260840     
           7          45   6.0076803964302034E-013
           7          46  -46.120615465254417     
           7          47   2.8836664785059848E-012
           7          48  -2.9708200995931553E-012
           7          49  -46.120615465260641     
           7          50  -7.6512752232481193E-010
           7          51  -2.5869249802244404E-010
           7          52  -3.4532944657736466E-010
           7          53  -5.8153008876388357E-010
           7          54   2.3330367363522034E-011
           7          55   7.6016483786180824E-013
           7          56   2.4196266508265009E-011
           7          57  -3.4351401141422817E-010
           7          58  -2.5702709336010779E-010
           7          59   5.3791275215890180E-011
           7          60  -6.6335369353066585E-010
           7          61  -1.9390829186634442E-010
           7          62  -2.9473456689711531E-010
           7          63  -4.2910269910218171E-010
           7          64   7.4370725550552387E-011
           7          65  -2.7882605630041155E-013
           7          66   7.2571651040632111E-011
           7          67  -2.9345354577343748E-010
           7          68  -1.9446591830908388E-010
           7          69   1.6176905876675940E-010
           8           1  -6.7628554989624739E-013
           8           2  -7.3695844379574940E-011
           8           3  -2.7235451402092984E-010
           8           4  -4.4232696847525571E-010
           8           5  -3.5261959877019617E-011
           8           6   1.4795346415815068E-010
           8           7   9.5262418099131266E-011
           8           8  0.92912099029412287     
           8           9  -4.1177478097114744E-013
           8          10   7.8792528056865840E-013
           8          11   11.302860555305404     
           8          12  -1.0379530568558068E-011
           8          13   1.6248780099185717E-011
           8          14   65.451702733999994     
           8          15  -3.3615776830680156E-011
           8          16   5.0981441290582707E-011
           8          17  -59.527602848550288     
           8          18   1.6563639351076347E-011
           8          19  -2.1159962670704690E-011
           8          20   12.554333827439796     
           8          21   1.4632739458750199E-012
           8          22  -4.0696335191298816E-012
           8          23  0.81269906983352336     
           8          24  -1.0811230383106324E-012
           8          25   1.7451665113020570E-012
           8          26   1.4466977991839820E-010
           8          27  -4.8660769656088409E-013
           8          28   1.4270865222175041E-010
           8          29   4.1320276747393499E-015
           8          30   3.0299118961949006E-013
           8          31   1.4352980358001893E-010
           8          32   7.2110628736923005E-011
           8          33  -1.3681834074375685E-012
           8          34   7.0534651205384090E-011
           8          35   4.8270575014710066E-013
           8          36   1.1479007376192185E-014
           8          37   7.1922380273096354E-011
           8          38   2.0923042947179063E-011
           8          39   1.3891763413366913E-012
           8          40   2.4149224066855057E-011
           8          41  -7.1466982419111240E-013
           8          42   4.8037760654463589E-013
           8          43   2.2453576667620187E-011
           8          44  -5.0056378582024554E-011
           8          45  -1.5889021710609250E-012
           8          46  -4.9802343256082349E-011
           8          47  -2.7195675466571535E-013
           8          48  -8.1356889245862122E-013
           8          49  -4.9660083217752403E-011
           8          50  -7.3135062310009165     
           8          51   2.4970026047472160E-012
           8          52  -3.2706994172761248     
           8          53   5.7976956570351951E-012
           8          54  -3.8408165536844452E-012
           8          55  -4.4632686337919967E-013
           8          56  -3.8140601787907617E-012
           8          57  -3.2706994172763992     
           8          58   2.9465874185694894E-012
           8          59  -8.8613560933336382E-012
           8          60  -8.5942780708261743     
           8          61   4.3064163346932676E-012
           8          62  -3.8434779967814490     
           8          63   9.1744944975570794E-012
           8          64  -7.4383832426807888E-012
           8          65  -7.6001712392709644E-013
           8          66  -7.2737371681292812E-012
           8          67  -3.8434779967805559     
           8          68   3.2376601400375177E-012
           8          69  -1.5858203639129715E-011
           9           1  -2.2392122379094884E-011
           9           2  -4.4397012559580043E-011
           9           3   1.8306497921913345E-010
           9           4   7.3316613407073993E-010
           9           5   1.7036114161859420E-010
           9           6   3.0524031354670687E-010
           9           7   5.4746179871301699E-011
           9           8  -4.1177478097114744E-013
           9           9  0.92912099029196393     
           9          10  -5.1789128536103490E-013
           9          11  -1.0305090112734032E-011
           9          12   11.302860555289644     
           9          13  -1.2146950112305648E-011
           9          14  -1.0034462148363763E-010
           9          15   65.451702733948366     
           9          16  -8.3806739324756140E-011
           9          17   1.1244338791497738E-010
           9          18  -59.527602848524388     
           9          19   8.1147533136001123E-011
           9          20  -3.0224045483331050E-011
           9          21   12.554333827444133     
           9          22  -1.5833556687584782E-011
           9          23   6.8884481450109306E-013
           9          24  0.81269906983053053     
           9          25  -3.6451605622811713E-012
           9          26  -2.3765338581405975E-010
           9          27   1.6922588341300507E-012
           9          28  -2.3993177952866337E-010
           9          29  -1.7124178091178528E-012
           9          30  -8.0143992713850293E-013
           9          31  -2.3789237018417115E-010
           9          32  -3.3402213526729499E-010
           9          33   8.5618930348424166E-013
           9          34  -3.3770261677761568E-010
           9          35   1.4441834912242822E-012
           9          36  -1.1250566236505491E-012
           9          37  -3.3317094530369757E-010
           9          38  -4.4840568891921185E-011
           9          39  -2.0512544166947430E-012
           9          40  -4.2179656921339097E-011
           9          41   2.0040904344008359E-013
           9          42   2.8658469402942733E-012
           9          43  -4.5920762259806091E-011
           9          44  -8.1208900465158511E-011
           9          45   8.5538701263591303E-013
           9          46  -8.1339913723577761E-011
           9          47  -3.2484289896148571E-013
           9          48  -1.4534800572963243E-012
           9          49  -7.9379706481009029E-011
           9          50   7.2031269824236080E-012
           9          51  -3.2706994172718664     
           9          52   3.8976044608023188E-012
           9          53  -7.3135062309927861     
           9          54   2.0825563495504708E-012
           9          55   1.4966032617223401E-012
           9          56   2.0305424008457600E-012
           9          57   3.1862013021954693E-012
           9          58  -3.2706994172745381     
           9          59   8.6713969337394009E-012
           9          60   4.6527226504857815E-012
           9          61  -3.8434779967748747     
           9          62   2.0151103003446565E-012
           9          63  -8.5942780708115585     
           9          64   2.7060298446127910E-012
           9          65  -4.8640963673126369E-013
           9          66   4.9202586449279691E-012
           9          67   6.3371530195190670E-013
           9          68  -3.8434779967745754     
           9          69   8.8377083428553363E-012
          10           1  -2.4298953993032754E-012
          10           2   6.1660054722588286E-012
          10           3   6.6387230393760041E-011
          10           4   1.6239887301629953E-010
          10           5   2.6598840589555375E-011
          10           6  -8.7490533215617923E-012
          10           7  -1.3357950907133607E-011
          10           8   7.8792528056865840E-013
          10           9  -5.1789128536103490E-013
          10          10  0.92912099029152106     
          10          11   5.2047255398992398E-012
          10          12  -4.3564041260269458E-012
          10          13   11.302860555277899     
          10          14   8.7645446460291189E-011
          10          15  -5.1693760380391765E-011
          10          16   65.451702733796225     
          10          17  -1.0713563370264199E-010
          10          18   5.7898574820064422E-011
          10          19  -59.527602848344564     
          10          20   3.1956659542114336E-011
          10          21  -1.6209700247806706E-011
          10          22   12.554333827388760     
          10          23  -5.0988380185216888E-013
          10          24   7.3558867329864997E-013
          10          25  0.81269906983292994     
          10          26  -4.8454838839687867E-011
          10          27  -5.1849892329787924E-013
          10          28  -4.9526413066109554E-011
          10          29   5.7499889234066532E-013
          10          30   5.1721119336298101E-013
          10          31  -5.0383146806321223E-011
          10          32  -4.9653622406153928E-011
          10          33  -4.3423605956147069E-013
          10          34  -5.0547317571971475E-011
          10          35  -7.7238263322925952E-013
          10          36   1.8721332040556556E-013
          10          37  -5.1096313818784246E-011
          10          38  -5.7692323257875634E-012
          10          39   1.0422947786158608E-012
          10          40  -4.2028709324500955E-012
          10          41   6.7923451900592012E-013
          10          42  -4.3340885606581187E-013
          10          43  -3.3588483123559726E-012
          10          44   3.7804705365870263E-012
          10          45  -9.5339044639853084E-013
          10          46   4.1527620908142843E-012
          10          47  -8.9028378809957274E-013
          10          48   4.1996692187069884E-015
          10          49   3.7860750352383722E-012
          10          50  -4.7983839127643063E-012
          10          51   1.0892398093580120E-012
          10          52  -1.5105694474537666E-012
          10          53   3.7588820942467539E-012
          10          54  -3.2706994172685082     
          10          55  -5.8713428637701958E-015
          10          56  -3.2706994172682542     
          10          57  -2.0310420013987064E-012
          10          58   1.8199886041657460E-012
          10          59  -7.3135062309826573     
          10          60  -1.8651746816463507E-012
          10          61   1.9673984662829524E-012
          10          62  -1.4604983890186906E-012
          10          63   2.2447599333101070E-012
          10          64  -3.8434779967718375     
          10          65  -3.3894983484677814E-013
          10          66  -3.8434779967717825     
          10          67  -9.1249230406443090E-013
          10          68   1.2694567618529084E-012
          10          69  -8.5942780708066735     
          11           1  -1.3617231704316781E-010
          11           2  -1.2621960848793262E-009
          11           3  -5.5740401646976900E-010
          11           4   5.2467845599745927E-009
          11           5   9.7998077317769423E-010
          11           6   2.9256840962115358E-009
          11           7   1.0355461835445756E-009
          11           8   11.302860555305404     
          11           9  -1.0305090112734032E-011
          11          10   5.2047255398992398E-012
          11          11   137.50083101053795     
          11          12  -1.9053914001062678E-010
          11          13   1.4433254591600779E-010
          11          14   795.31227941767463     
          11          15  -1.0488179212927577E-009
          11          16   1.6382273316857693E-010
          11          17  -722.88011219735313     
          11          18   9.1410612400729958E-010
          11          19   2.2953372534666649E-010
          11          20   152.29171957796584     
          11          21  -1.8013679433634467E-010
          11          22  -1.7845991350983729E-010
          11          23   9.9079605339812797     
          11          24  -1.1539186273444775E-011
          11          25   2.0842216841297757E-011
          11          26  -9.9548117445842368E-010
          11          27  -1.0327395920199515E-011
          11          28  -1.0184023262269426E-009
          11          29  -8.5310979266925447E-013
          11          30   2.1680257996175211E-012
          11          31  -1.0081840778596016E-009
          11          32  -2.9098460435132263E-009
          11          33  -9.7296861409507763E-012
          11          34  -2.9304130035281616E-009
          11          35   7.2804830100458830E-012
          11          36   2.5039366633681891E-012
          11          37  -2.9139412570318288E-009
          11          38  -3.9843404566340781E-010
          11          39   1.2392792038454907E-011
          11          40  -3.5831081902677714E-010
          11          41  -9.6024072709288744E-012
          11          42   4.2980533595110872E-012
          11          43  -3.7865587429744577E-010
          11          44  -9.8252848787300226E-010
          11          45  -1.8849822064926433E-011
          11          46  -9.7953471470396968E-010
          11          47  -3.2118252983387864E-012
          11          48  -9.7298669877357847E-012
          11          49  -9.7783309083681400E-010
          11          50  -88.948356027442827     
          11          51   5.1781245954064460E-011
          11          52  -39.778914112829213     
          11          53   1.1838796608892605E-010
          11          54  -2.9753977060324540E-011
          11          55  -5.4230237599932932E-012
          11          56  -2.9430680115563155E-011
          11          57  -39.778914112832538     
          11          58   5.7242877101385958E-011
          11          59  -6.9846350926071473E-011
          11          60  -104.58173412689283     
          11          61   7.0168981733295459E-011
          11          62  -46.770373342518511     
          11          63   1.5137402441984722E-010
          11          64  -7.4576789188836691E-011
          11          65  -9.2353499315351875E-012
          11          66  -7.2573058673968574E-011
          11          67  -46.770373342507668     
          11          68   5.7183591192694905E-011
          11          69  -1.5734968883468801E-010
          12           1  -2.0204547343996709E-010
          12           2  -3.4303120058058228E-010
          12           3   6.3578162147578961E-010
          12           4   2.8657745191145507E-009
          12           5   1.2719651523548308E-009
          12           6   3.0795148548858132E-009
          12           7   7.4087200281176409E-010
          12           8  -1.0379530568558068E-011
          12           9   11.302860555289644     
          12          10  -4.3564041260269458E-012
          12          11  -1.9053914001062678E-010
          12          12   137.50083101047375     
          12          13  -1.2403233995358808E-010
          12          14  -1.8624817243002804E-009
          12          15   795.31227941835618     
          12          16  -9.0271612406607697E-010
          12          17   2.0807604527151073E-009
          12          18  -722.88011219850785     
          12          19   8.9102059063444942E-010
          12          20  -5.6510174314647960E-010
          12          21   152.29171957843025     
          12          22  -1.7607959534630129E-010
          12          23   9.8537566993574155E-012
          12          24   9.9079605339407379     
          12          25  -4.2110787079601451E-011
