           1           1   2.2503634000176165     
           1           2   2.5745303392542680     
           1           3   11.439632763112339     
           1           4  -14.340859322188559     
           1           5   1.4100231596463100     
           1           6  -1.8525853955013899E-011
           1           7   8.6743216152319944E-011
           1           8  -3.9863020717442009E-011
           1           9   5.3755659094580808E-013
           1          10  -2.0686669712626988E-012
           1          11   1.0694427298171484E-012
           1          12  -1.2379716293436834E-013
           1          13   1.7457756225120963E-013
           1          14  -1.9041610720379747E-013
           1          15   4.5979951299658750E-013
           1          16  -2.1788153602964134E-012
           1          17   9.9570406413186701E-013
           1          18  -1.9793017254273815     
           1          19   9.1293351487768828E-017
           1          20  -1.9793017254281700     
           1          21  -1.4221660167268362E-014
           1          22   4.0786921919718016E-015
           1          23  -1.9793017254275549     
           1          24   2.8457575500499623     
           1          25   1.0501715820695906E-014
           1          26   2.8457575500492980     
           1          27   7.8391931535728675E-015
           1          28  -1.6680826943554012E-014
           1          29   2.8457575500498065     
           2           1   2.5745303392542680     
           2           2   28.221600673787087     
           2           3   116.01002007744924     
           2           4  -147.41739636930734     
           2           5   14.647137016934044     
           2           6   2.7786494459695642E-011
           2           7  -6.2490153932919584E-012
           2           8   2.4401064206784055E-011
           2           9  -9.6703000496610637E-012
           2          10  -4.3447972256167874E-012
           2          11  -5.9380435107893626E-012
           2          12   9.1079797911163145E-012
           2          13   4.4148733391954933E-012
           2          14   5.4069962924298589E-012
           2          15  -9.9596236717338495E-013
           2          16  -9.5465125720393442E-014
           2          17  -7.4997155998725085E-013
           2          18  -19.844548468107597     
           2          19   6.4141009702125617E-014
           2          20  -19.844548468107611     
           2          21  -3.9648665154390890E-014
           2          22   2.4886885370608304E-013
           2          23  -19.844548468107611     
           2          24   29.333756775698074     
           2          25  -1.1909518799012164E-013
           2          26   29.333756775698639     
           2          27   1.3447913330664321E-013
           2          28  -1.9492645233331155E-013
           2          29   29.333756775698209     
           3           1   11.439632763112339     
           3           2   116.01002007744924     
           3           3   521.76010173346162     
           3           4  -653.70757189833716     
           3           5   64.176875588591088     
           3           6   1.5754891646627157E-011
           3           7   4.0471944637690998E-012
           3           8   1.1463113118770779E-011
           3           9  -1.3078355725181351E-011
           3          10  -8.8714039203351951E-012
           3          11  -5.1253407116456566E-012
           3          12   1.3660542148878168E-011
           3          13   8.9811809138599371E-012
           3          14   5.4618465345735002E-012
           3          15  -1.8761675095116980E-012
           3          16  -1.1404488437855776E-012
           3          17  -1.0147533009891174E-012
           3          18  -90.125238829954128     
           3          19   3.5899968383789009E-013
           3          20  -90.125238829957240     
           3          21  -2.3464305359089064E-013
           3          22   1.0417884629042591E-012
           3          23  -90.125238829954668     
           3          24   129.11753871184297     
           3          25  -4.8995882825633905E-013
           3          26   129.11753871184320     
           3          27   5.3999526408715281E-013
           3          28  -9.4537542334195720E-013
           3          29   129.11753871184308     
           4           1  -14.340859322188559     
           4           2  -147.41739636930734     
           4           3  -653.70757189833716     
           4           4   820.78791887212810     
           4           5  -80.728657419329707     
           4           6  -3.8928860544481566E-011
           4           7  -1.3908706737734516E-011
           4           8  -2.7436839205659475E-011
           4           9   2.1616275890407876E-011
           4          10   1.8179399535262685E-011
           4          11   8.6179505263913925E-012
           4          12  -2.1804584131207306E-011
           4          13  -1.7885119086301966E-011
           4          14  -8.6988678448921214E-012
           4          15   2.8072270616384909E-012
           4          16   1.6609558497323883E-012
           4          17   1.5821211071190315E-012
           4          18   112.75128809827486     
           4          19  -4.3648666796424313E-013
           4          20   112.75128809827817     
           4          21   2.8322093535796367E-013
           4          22  -1.3201115336675472E-012
           4          23   112.75128809827542     
           4          24  -162.30303097165464     
           4          25   6.2271729352709891E-013
           4          26  -162.30303097165543     
           4          27  -6.8888215847399829E-013
           4          28   1.1714649285041410E-012
           4          29  -162.30303097165489     
           5           1   1.4100231596463100     
           5           2   14.647137016934044     
           5           3   64.176875588591088     
           5           4  -80.728657419329707     
           5           5   7.9526085464772098     
           5           6   5.3634579040743119E-012
           5           7   2.5999687875022707E-012
           5           8   3.6073611919721156E-012
           5           9  -2.5423168960328154E-012
           5          10  -2.5194256719497358E-012
           5          11  -9.7885241731103632E-013
           5          12   2.5174195899194380E-012
           5          13   2.4394976514843079E-012
           5          14   9.6366195812643324E-013
           5          15  -3.1219050512462905E-013
           5          16  -1.9467856311715579E-013
           5          17  -1.7686312480101662E-013
           5          18  -11.055236354988438     
           5          19   4.1723888129914150E-014
           5          20  -11.055236354988713     
           5          21  -2.6903517380745337E-014
           5          22   1.3084092943991898E-013
           5          23  -11.055236354988487     
           5          24   15.978867246947623     
           5          25  -6.1866130359929282E-014
           5          26   15.978867246947733     
           5          27   6.8667259947648527E-014
           5          28  -1.1390860601092430E-013
           5          29   15.978867246947651     
           6           1  -1.8525853955013899E-011
           6           2   2.7786494459695642E-011
           6           3   1.5754891646627157E-011
           6           4  -3.8928860544481566E-011
           6           5   5.3634579040743119E-012
           6           6   1.3331049565546254     
           6           7 -0.13925651354123036     
           6           8 -0.44747805652832195     
           6           9 -0.42895266150223077     
           6          10   4.4808514004336206E-002
           6          11  0.14398483957917149     
           6          12  0.38757290989482596     
           6          13  -4.0485973673423693E-002
           6          14 -0.13009506238055410     
           6          15  -3.2772715559592061E-002
           6          16   3.4234469579193720E-003
           6          17   1.1000687525505497E-002
           6          18  -6.7579414740145983E-013
           6          19   1.3051909695707453E-016
           6          20  -1.1572161688167326E-012
           6          21  -8.9063308224223437E-015
           6          22   4.3128598767962075E-016
           6          23  -7.5335649029102616E-013
           6          24   9.7397956662367655E-012
           6          25   2.0028668301290883E-015
           6          26   9.4129032447214247E-012
           6          27   5.5527970811569264E-015
           6          28  -6.5512582570669112E-015
           6          29   9.6939672449003655E-012
           7           1   8.6743216152319944E-011
           7           2  -6.2490153932919584E-012
           7           3   4.0471944637690998E-012
           7           4  -1.3908706737734516E-011
           7           5   2.5999687875022707E-012
           7           6 -0.13925651354123036     
           7           7   1.8961457321121999     
           7           8 -0.10462427294935589     
           7           9   4.4808514004402666E-002
           7          10 -0.61012207207428037     
           7          11   3.3664911467522547E-002
           7          12  -4.0485973673462211E-002
           7          13  0.55126546140726673     
           7          14  -3.0417360398534161E-002
           7          15   3.4234469579461310E-003
           7          16  -4.6614367782904481E-002
           7          17   2.5720567019934422E-003
           7          18  -6.2951964042455019E-013
           7          19  -1.2719156074596941E-014
           7          20   4.4032675049516690E-013
           7          21  -1.3266881668022521E-014
           7          22   5.1062698315323529E-015
           7          23  -4.4836743631997008E-013
           7          24   3.5975064420324114E-012
           7          25   8.1795601748786834E-015
           7          26   4.3862737777484076E-012
           7          27   1.5576851619799229E-014
           7          28  -2.6204675039572117E-015
           7          29   3.7103083968972403E-012
           8           1  -3.9863020717442009E-011
           8           2   2.4401064206784055E-011
           8           3   1.1463113118770779E-011
           8           4  -2.7436839205659475E-011
           8           5   3.6073611919721156E-012
           8           6 -0.44747805652832195     
           8           7 -0.10462427294935589     
           8           8   1.5925121106008895     
           8           9  0.14398483957913755     
           8          10   3.3664911467545994E-002
           8          11 -0.51242200020189932     
           8          12 -0.13009506238052784     
           8          13  -3.0417360398550579E-002
           8          14  0.46299021672197549     
           8          15   1.1000687525498640E-002
           8          16   2.5720567020239725E-003
           8          17  -3.9149915518135597E-002
           8          18  -7.0358525591946039E-013
           8          19  -1.5238540156098746E-014
           8          20  -4.7488828932848237E-013
           8          21   1.7507176314754766E-014
           8          22   2.6701535631294248E-014
           8          23  -6.6112122987376343E-013
           8          24   6.5942687558374479E-012
           8          25  -7.8460405300610869E-015
           8          26   6.7489797096338899E-012
           8          27  -1.7892737386842369E-015
           8          28   8.6762149022998077E-015
           8          29   6.6288453736636111E-012
           9           1   5.3755659094580808E-013
           9           2  -9.6703000496610637E-012
           9           3  -1.3078355725181351E-011
           9           4   2.1616275890407876E-011
           9           5  -2.5423168960328154E-012
           9           6 -0.42895266150223077     
           9           7   4.4808514004402666E-002
           9           8  0.14398483957913755     
           9           9  0.13802393045285155     
           9          10  -1.4418018060500344E-002
           9          11  -4.6329945627898536E-002
           9          12 -0.12470918393043838     
           9          13   1.3027155945494553E-002
           9          14   4.1860637440478368E-002
           9          15   1.0545263893005821E-002
           9          16  -1.1015611913322955E-003
           9          17  -3.5396869310392147E-003
           9          18   1.7001738830753689E-012
           9          19  -4.1997078873496791E-017
           9          20   1.8550808589886820E-012
           9          21   2.8657865922387717E-015
           9          22  -1.3877472386443041E-016
           9          23   1.7251310878715089E-012
           9          24  -4.8631538029565581E-012
           9          25  -6.4446167817821973E-016
           9          26  -4.7579697560837527E-012
           9          27  -1.7867213492981991E-015
           9          28   2.1079958121487213E-015
           9          29  -4.8484076097114863E-012
          10           1  -2.0686669712626988E-012
          10           2  -4.3447972256167874E-012
          10           3  -8.8714039203351951E-012
          10           4   1.8179399535262685E-011
          10           5  -2.5194256719497358E-012
          10           6   4.4808514004336206E-002
          10           7 -0.61012207207428037     
          10           8   3.3664911467545994E-002
          10           9  -1.4418018060500344E-002
          10          10  0.19631874097438118     
          10          11  -1.0832345422037152E-002
          10          12   1.3027155945487631E-002
          10          13 -0.17738047233432996     
          10          14   9.7873821822280736E-003
          10          15  -1.1015611913392726E-003
          10          16   1.4999086925906898E-002
          10          17  -8.2760968101571548E-004
          10          18   1.0607998994963910E-012
          10          19   4.0926378852140201E-015
          10          20   7.1655584388657553E-013
          10          21   4.2688793355423176E-015
          10          22  -1.6430424507906756E-015
          10          23   1.0025106254908500E-012
          10          24  -4.1448251411730820E-012
          10          25  -2.6319338843302116E-015
          10          26  -4.3986264989063132E-012
          10          27  -5.0121574654759161E-015
          10          28   8.4318680590136192E-016
          10          29  -4.1811213821607594E-012
          11           1   1.0694427298171484E-012
          11           2  -5.9380435107893626E-012
          11           3  -5.1253407116456566E-012
          11           4   8.6179505263913925E-012
          11           5  -9.7885241731103632E-013
          11           6  0.14398483957917149     
          11           7   3.3664911467522547E-002
          11           8 -0.51242200020189932     
          11           9  -4.6329945627898536E-002
          11          10  -1.0832345422037152E-002
          11          11  0.16488182698456183     
          11          12   4.1860637440479805E-002
          11          13   9.7873821822265384E-003
          11          14 -0.14897618130958351     
          11          15  -3.5396869310378425E-003
          11          16  -8.2760968102496297E-004
          11          17   1.2597253034370249E-002
          11          18   6.8721832926509795E-013
          11          19   4.9032991177977536E-015
          11          20   6.1363059560030289E-013
          11          21  -5.6332772889262755E-015
          11          22  -8.5917426971960410E-015
          11          23   6.7355469618097141E-013
          11          24  -1.9425575985142317E-012
          11          25   2.5246173985760442E-015
          11          26  -1.9923388817225317E-012
          11          27   5.7573391250206393E-016
          11          28  -2.7917422824182810E-015
          11          29  -1.9536833033343724E-012
          12           1  -1.2379716293436834E-013
          12           2   9.1079797911163145E-012
          12           3   1.3660542148878168E-011
          12           4  -2.1804584131207306E-011
          12           5   2.5174195899194380E-012
          12           6  0.38757290989482596     
          12           7  -4.0485973673462211E-002
          12           8 -0.13009506238052784     
          12           9 -0.12470918393043838     
          12          10   1.3027155945487631E-002
          12          11   4.1860637440479805E-002
          12          12  0.11267887029132635     
          12          13  -1.1770466045750995E-002
          12          14  -3.7822469747688381E-002
          12          15  -9.5279945304637126E-003
          12          16   9.9529695154820536E-004
          12          17   3.1982241564257620E-003
          12          18  -1.8587356486179199E-012
          12          19   3.7945749093025448E-017
          12          20  -1.9986992222382062E-012
          12          21  -2.5893329226654577E-015
          12          22   1.2538755059779554E-016
          12          23  -1.8812853081813281E-012
          12          24   4.8412521803180082E-012
          12          25   5.8229243071563666E-016
          12          26   4.7462149168160510E-012
          12          27   1.6143618041535674E-015
          12          28  -1.9046439019649817E-015
          12          29   4.8279285072444809E-012
          13           1   1.7457756225120963E-013
          13           2   4.4148733391954933E-012
          13           3   8.9811809138599371E-012
          13           4  -1.7885119086301966E-011
          13           5   2.4394976514843079E-012
          13           6  -4.0485973673423693E-002
          13           7  0.55126546140726673     
          13           8  -3.0417360398550579E-002
          13           9   1.3027155945494553E-002
          13          10 -0.17738047233432996     
          13          11   9.7873821822265384E-003
          13          12  -1.1770466045750995E-002
          13          13  0.16026912056071049     
          13          14  -8.8432233508821730E-003
          13          15   9.9529695155503779E-004
          13          16  -1.3552170874242868E-002
          13          17   7.4777270574594309E-004
          13          18  -1.0983211397162539E-012
          13          19  -3.6978336228546838E-015
          13          20  -7.8728525552392602E-013
          13          21  -3.8570735993759545E-015
          13          22   1.4845431696640211E-015
          13          23  -1.0456548537374379E-012
          13          24   4.0487457736854764E-012
          13          25   2.3780392703931135E-015
          13          26   4.2780636905104149E-012
          13          27   4.5286499609194079E-015
          13          28  -7.6184715302872955E-016
          13          29   4.0815406272915508E-012
          14           1  -1.9041610720379747E-013
          14           2   5.4069962924298589E-012
          14           3   5.4618465345735002E-012
          14           4  -8.6988678448921214E-012
          14           5   9.6366195812643324E-013
          14           6 -0.13009506238055410     
          14           7  -3.0417360398534161E-002
          14           8  0.46299021672197549     
          14           9   4.1860637440478368E-002
          14          10   9.7873821822280736E-003
          14          11 -0.14897618130958351     
          14          12  -3.7822469747688381E-002
          14          13  -8.8432233508821730E-003
          14          14  0.13460490463672470     
          14          15   3.1982241564244137E-003
          14          16   7.4777270575441580E-004
          14          17  -1.1382034553915756E-002
          14          18  -7.7808844594937761E-013
          14          19  -4.4302928451707347E-015
          14          20  -7.1159949593562063E-013
          14          21   5.0898522542454522E-015
          14          22   7.7629235509474003E-015
          14          23  -7.6574290176840853E-013
          14          24   1.9265691604623353E-012
          14          25  -2.2810752778807209E-015
          14          26   1.9715481955000100E-012
          14          27  -5.2019462243876214E-016
          14          28   2.5224314409977927E-015
          14          29   1.9366216025584947E-012
          15           1   4.5979951299658750E-013
          15           2  -9.9596236717338495E-013
          15           3  -1.8761675095116980E-012
          15           4   2.8072270616384909E-012
          15           5  -3.1219050512462905E-013
          15           6  -3.2772715559592061E-002
          15           7   3.4234469579461310E-003
          15           8   1.1000687525498640E-002
          15           9   1.0545263893005821E-002
          15          10  -1.1015611913392726E-003
          15          11  -3.5396869310378425E-003
          15          12  -9.5279945304637126E-003
          15          13   9.9529695155503779E-004
          15          14   3.1982241564244137E-003
          15          15   8.0567616215739240E-004
          15          16  -8.4161155379701560E-005
          15          17  -2.7043812376546648E-004
          15          18   2.7513529399313404E-013
          15          19  -3.2086485167368414E-018
          15          20   2.8697045137846145E-013
          15          21   2.1895098753342794E-016
          15          22  -1.0602625797684103E-017
          15          23   2.7704206704139183E-013
          15          24  -6.0307348510193077E-013
          15          25  -4.9237972300947765E-017
          15          26  -5.9503724437217097E-013
          15          27  -1.3650856101604551E-016
          15          28   1.6105447839225329E-016
          15          29  -6.0194685076633939E-013
          16           1  -2.1788153602964134E-012
          16           2  -9.5465125720393442E-014
          16           3  -1.1404488437855776E-012
          16           4   1.6609558497323883E-012
          16           5  -1.9467856311715579E-013
          16           6   3.4234469579193720E-003
          16           7  -4.6614367782904481E-002
          16           8   2.5720567020239725E-003
          16           9  -1.1015611913322955E-003
          16          10   1.4999086925906898E-002
          16          11  -8.2760968102496297E-004
          16          12   9.9529695154820536E-004
          16          13  -1.3552170874242868E-002
          16          14   7.4777270575441580E-004
          16          15  -8.4161155379701560E-005
          16          16   1.1459558445327911E-003
          16          17  -6.3230792356857524E-005
          16          18   1.9393908707377876E-013
          16          19   3.1268452055521663E-016
          16          20   1.6763825360251867E-013
          16          21   3.2614966821017651E-016
          16          22  -1.2553124788789032E-016
          16          23   1.8948568704033110E-013
          16          24  -3.5066389481850346E-013
          16          25  -2.0108424148812834E-016
          16          26  -3.7005475178667583E-013
          16          27  -3.8293738609340622E-016
          16          28   6.4420911287180226E-017
          16          29  -3.5343698958735356E-013
          17           1   9.9570406413186701E-013
          17           2  -7.4997155998725085E-013
          17           3  -1.0147533009891174E-012
          17           4   1.5821211071190315E-012
          17           5  -1.7686312480101662E-013
          17           6   1.1000687525505497E-002
          17           7   2.5720567019934422E-003
          17           8  -3.9149915518135597E-002
          17           9  -3.5396869310392147E-003
          17          10  -8.2760968101571548E-004
          17          11   1.2597253034370249E-002
          17          12   3.1982241564257620E-003
          17          13   7.4777270574594309E-004
          17          14  -1.1382034553915756E-002
          17          15  -2.7043812376546648E-004
          17          16  -6.3230792356857524E-005
          17          17   9.6245163529640448E-004
          17          18   1.4483878685275154E-013
          17          19   3.7462042251285127E-016
          17          20   1.3921655838634556E-013
          17          21  -4.3039200086490277E-016
          17          22  -6.5642380815429901E-016
          17          23   1.4379486196126234E-013
          17          24  -3.4006865948318619E-013
          17          25   1.9288507877610724E-016
          17          26  -3.4387203449714696E-013
          17          27   4.3987053687375305E-017
          17          28  -2.1329387586991030E-016
          17          29  -3.4091868232307017E-013
          18           1  -1.9793017254273815     
          18           2  -19.844548468107597     
          18           3  -90.125238829954128     
          18           4   112.75128809827486     
          18           5  -11.055236354988438     
          18           6  -6.7579414740145983E-013
          18           7  -6.2951964042455019E-013
          18           8  -7.0358525591946039E-013
          18           9   1.7001738830753689E-012
          18          10   1.0607998994963910E-012
          18          11   6.8721832926509795E-013
          18          12  -1.8587356486179199E-012
          18          13  -1.0983211397162539E-012
          18          14  -7.7808844594937761E-013
          18          15   2.7513529399313404E-013
          18          16   1.9393908707377876E-013
          18          17   1.4483878685275154E-013
          18          18   15.583167801095067     
          18          19  -6.3243771968646079E-014
          18          20   15.583167801095662     
          18          21   4.1559245790643547E-014
          18          22  -1.7851762220277784E-013
          18          23   15.583167801095174     
          18          24  -22.252863167381943     
          18          25   8.3757757894246621E-014
          18          26  -22.252863167381946     
          18          27  -9.2109666324695876E-014
          18          28   1.6450835905929341E-013
          18          29  -22.252863167381953     
          19           1   9.1293351487768828E-017
          19           2   6.4141009702125617E-014
          19           3   3.5899968383789009E-013
          19           4  -4.3648666796424313E-013
          19           5   4.1723888129914150E-014
          19           6   1.3051909695707453E-016
          19           7  -1.2719156074596941E-014
          19           8  -1.5238540156098746E-014
          19           9  -4.1997078873496791E-017
          19          10   4.0926378852140201E-015
          19          11   4.9032991177977536E-015
          19          12   3.7945749093025448E-017
          19          13  -3.6978336228546838E-015
          19          14  -4.4302928451707347E-015
          19          15  -3.2086485167368414E-018
          19          16   3.1268452055521663E-016
          19          17   3.7462042251285127E-016
          19          18  -6.3243771968646079E-014
          19          19   6.4672992183824969E-028
          19          20  -6.3243771968658487E-014
          19          21  -2.6399061222478681E-028
          19          22   3.3359593806893082E-028
          19          23  -6.3243771968648086E-014
          19          24   8.4774923644510648E-014
          19          25  -3.3530912078304919E-028
          19          26   8.4774923644503782E-014
          19          27   1.7016042917889138E-028
          19          28  -8.1247748619918081E-028
          19          29   8.4774923644509563E-014
          20           1  -1.9793017254281700     
          20           2  -19.844548468107611     
          20           3  -90.125238829957240     
          20           4   112.75128809827817     
          20           5  -11.055236354988713     
          20           6  -1.1572161688167326E-012
          20           7   4.4032675049516690E-013
          20           8  -4.7488828932848237E-013
          20           9   1.8550808589886820E-012
          20          10   7.1655584388657553E-013
          20          11   6.1363059560030289E-013
          20          12  -1.9986992222382062E-012
          20          13  -7.8728525552392602E-013
          20          14  -7.1159949593562063E-013
          20          15   2.8697045137846145E-013
          20          16   1.6763825360251867E-013
          20          17   1.3921655838634556E-013
          20          18   15.583167801095662     
          20          19  -6.3243771968658487E-014
          20          20   15.583167801096256     
          20          21   4.1559245790648740E-014
          20          22  -1.7851762220276683E-013
          20          23   15.583167801095765     
          20          24  -22.252863167382539     
          20          25   8.3757757894242051E-014
          20          26  -22.252863167382539     
          20          27  -9.2109666324686624E-014
          20          28   1.6450835905930313E-013
          20          29  -22.252863167382550     
          21           1  -1.4221660167268362E-014
          21           2  -3.9648665154390890E-014
          21           3  -2.3464305359089064E-013
          21           4   2.8322093535796367E-013
          21           5  -2.6903517380745337E-014
          21           6  -8.9063308224223437E-015
          21           7  -1.3266881668022521E-014
          21           8   1.7507176314754766E-014
          21           9   2.8657865922387717E-015
          21          10   4.2688793355423176E-015
          21          11  -5.6332772889262755E-015
          21          12  -2.5893329226654577E-015
          21          13  -3.8570735993759545E-015
          21          14   5.0898522542454522E-015
          21          15   2.1895098753342794E-016
          21          16   3.2614966821017651E-016
          21          17  -4.3039200086490277E-016
          21          18   4.1559245790643547E-014
          21          19  -2.6399061222478681E-028
          21          20   4.1559245790648740E-014
          21          21   5.0452310206372514E-028
          21          22  -7.8685016517683608E-029
          21          23   4.1559245790644607E-014
          21          24  -5.4872017127201795E-014
          21          25  -6.8265261914937775E-029
          21          26  -5.4872017127198665E-014
          21          27  -2.9530224568109573E-028
          21          28   6.1293079605408587E-028
          21          29  -5.4872017127200767E-014
          22           1   4.0786921919718016E-015
          22           2   2.4886885370608304E-013
          22           3   1.0417884629042591E-012
          22           4  -1.3201115336675472E-012
          22           5   1.3084092943991898E-013
          22           6   4.3128598767962075E-016
          22           7   5.1062698315323529E-015
          22           8   2.6701535631294248E-014
          22           9  -1.3877472386443041E-016
          22          10  -1.6430424507906756E-015
          22          11  -8.5917426971960410E-015
          22          12   1.2538755059779554E-016
          22          13   1.4845431696640211E-015
          22          14   7.7629235509474003E-015
          22          15  -1.0602625797684103E-017
          22          16  -1.2553124788789032E-016
          22          17  -6.5642380815429901E-016
          22          18  -1.7851762220277784E-013
          22          19   3.3359593806893082E-028
          22          20  -1.7851762220276683E-013
          22          21  -7.8685016517683608E-029
          22          22   2.9165938732651639E-027
          22          23  -1.7851762220277559E-013
          22          24   2.6218062909508703E-013
          22          25  -1.3536104451222846E-027
          22          26   2.6218062909510157E-013
          22          27   1.2924927848635619E-027
          22          28  -1.7085344677611190E-027
          22          29   2.6218062909509036E-013
          23           1  -1.9793017254275549     
          23           2  -19.844548468107611     
          23           3  -90.125238829954668     
          23           4   112.75128809827542     
          23           5  -11.055236354988487     
          23           6  -7.5335649029102616E-013
          23           7  -4.4836743631997008E-013
          23           8  -6.6112122987376343E-013
          23           9   1.7251310878715089E-012
          23          10   1.0025106254908500E-012
          23          11   6.7355469618097141E-013
          23          12  -1.8812853081813281E-012
          23          13  -1.0456548537374379E-012
          23          14  -7.6574290176840853E-013
          23          15   2.7704206704139183E-013
          23          16   1.8948568704033110E-013
          23          17   1.4379486196126234E-013
          23          18   15.583167801095174     
          23          19  -6.3243771968648086E-014
          23          20   15.583167801095765     
          23          21   4.1559245790644607E-014
          23          22  -1.7851762220277559E-013
          23          23   15.583167801095275     
          23          24  -22.252863167382053     
          23          25   8.3757757894245447E-014
          23          26  -22.252863167382053     
          23          27  -9.2109666324694235E-014
          23          28   1.6450835905929500E-013
          23          29  -22.252863167382060     
          24           1   2.8457575500499623     
          24           2   29.333756775698074     
          24           3   129.11753871184297     
          24           4  -162.30303097165464     
          24           5   15.978867246947623     
          24           6   9.7397956662367655E-012
          24           7   3.5975064420324114E-012
          24           8   6.5942687558374479E-012
          24           9  -4.8631538029565581E-012
          24          10  -4.1448251411730820E-012
          24          11  -1.9425575985142317E-012
          24          12   4.8412521803180082E-012
          24          13   4.0487457736854764E-012
          24          14   1.9265691604623353E-012
          24          15  -6.0307348510193077E-013
          24          16  -3.5066389481850346E-013
          24          17  -3.4006865948318619E-013
          24          18  -22.252863167381943     
          24          19   8.4774923644510648E-014
          24          20  -22.252863167382539     
          24          21  -5.4872017127201795E-014
          24          22   2.6218062909508703E-013
          24          23  -22.252863167382053     
          24          24   32.113207776577759     
          24          25  -1.2379054422886402E-013
          24          26   32.113207776577951     
          24          27   1.3732878766931054E-013
          24          28  -2.3000062145006523E-013
          24          29   32.113207776577809     
          25           1   1.0501715820695906E-014
          25           2  -1.1909518799012164E-013
          25           3  -4.8995882825633905E-013
          25           4   6.2271729352709891E-013
          25           5  -6.1866130359929282E-014
          25           6   2.0028668301290883E-015
          25           7   8.1795601748786834E-015
          25           8  -7.8460405300610869E-015
          25           9  -6.4446167817821973E-016
          25          10  -2.6319338843302116E-015
          25          11   2.5246173985760442E-015
          25          12   5.8229243071563666E-016
          25          13   2.3780392703931135E-015
          25          14  -2.2810752778807209E-015
          25          15  -4.9237972300947765E-017
          25          16  -2.0108424148812834E-016
          25          17   1.9288507877610724E-016
          25          18   8.3757757894246621E-014
          25          19  -3.3530912078304919E-028
          25          20   8.3757757894242051E-014
          25          21  -6.8265261914937775E-029
          25          22  -1.3536104451222846E-027
          25          23   8.3757757894245447E-014
          25          24  -1.2379054422886402E-013
          25          25   8.0104362442024596E-028
          25          26  -1.2379054422887124E-013
          25          27  -5.3799575960323938E-028
          25          28   8.1223896631939157E-028
          25          29  -1.2379054422886602E-013
          26           1   2.8457575500492980     
          26           2   29.333756775698639     
          26           3   129.11753871184320     
          26           4  -162.30303097165543     
          26           5   15.978867246947733     
          26           6   9.4129032447214247E-012
          26           7   4.3862737777484076E-012
          26           8   6.7489797096338899E-012
          26           9  -4.7579697560837527E-012
          26          10  -4.3986264989063132E-012
          26          11  -1.9923388817225317E-012
          26          12   4.7462149168160510E-012
          26          13   4.2780636905104149E-012
          26          14   1.9715481955000100E-012
          26          15  -5.9503724437217097E-013
          26          16  -3.7005475178667583E-013
          26          17  -3.4387203449714696E-013
          26          18  -22.252863167381946     
          26          19   8.4774923644503782E-014
          26          20  -22.252863167382539     
          26          21  -5.4872017127198665E-014
          26          22   2.6218062909510157E-013
          26          23  -22.252863167382053     
          26          24   32.113207776577951     
          26          25  -1.2379054422887124E-013
          26          26   32.113207776578143     
          26          27   1.3732878766932044E-013
          26          28  -2.3000062145006311E-013
          26          29   32.113207776578008     
          27           1   7.8391931535728675E-015
          27           2   1.3447913330664321E-013
          27           3   5.3999526408715281E-013
          27           4  -6.8888215847399829E-013
          27           5   6.8667259947648527E-014
          27           6   5.5527970811569264E-015
          27           7   1.5576851619799229E-014
          27           8  -1.7892737386842369E-015
          27           9  -1.7867213492981991E-015
          27          10  -5.0121574654759161E-015
          27          11   5.7573391250206393E-016
          27          12   1.6143618041535674E-015
          27          13   4.5286499609194079E-015
          27          14  -5.2019462243876214E-016
          27          15  -1.3650856101604551E-016
          27          16  -3.8293738609340622E-016
          27          17   4.3987053687375305E-017
          27          18  -9.2109666324695876E-014
          27          19   1.7016042917889138E-028
          27          20  -9.2109666324686624E-014
          27          21  -2.9530224568109573E-028
          27          22   1.2924927848635619E-027
          27          23  -9.2109666324694235E-014
          27          24   1.3732878766931054E-013
          27          25  -5.3799575960323938E-028
          27          26   1.3732878766932044E-013
          27          27   8.1640609118032039E-028
          27          28  -9.4548996004691543E-028
          27          29   1.3732878766931241E-013
          28           1  -1.6680826943554012E-014
