           1           1   16.067384132873986     
           1           2   80.797232062508996     
           1           3   135.39538225661585     
           1           4  -113.80118013037986     
           1           5   32.892730585403086     
           1           6   100.32644645696622     
           1           7  0.24394301274266317     
           1           8  -3.3888522035823544E-010
           1           9  -6.1175663024390790E-012
           1          10   1.1175827839371049E-010
           1          11  -3.1202519217138617E-009
           1          12  -5.9899817518292540E-011
           1          13   1.0219824251769432E-009
           1          14  -8.3827471736446048E-009
           1          15  -1.5805491067937211E-010
           1          16   2.7392425079155371E-009
           1          17   8.3346950960858197E-009
           1          18   1.4921285163210805E-010
           1          19  -2.6961245672047031E-009
           1          20  -3.0318482563431211E-009
           1          21  -4.9623902885034719E-011
           1          22   9.6779712790555113E-010
           1          23   4.1463673850423379E-011
           1          24  -2.0466455455801109E-012
           1          25  -8.0579428571067601E-012
           1          26  -65.828956188731013     
           1          27   9.5657018236525852E-013
           1          28  -65.828956188730345     
           1          29   6.3614713506504951E-013
           1          30  -9.2754838597741182E-013
           1          31  -65.828956188729933     
           1          32   47.996552279684551     
           1          33   2.0988265368369116E-012
           1          34   47.996552279685474     
           1          35   2.7638851627045231E-012
           1          36  -1.3374446775051721E-012
           1          37   47.996552279689858     
           1          38  -6.1363213646460864     
           1          39  -2.4771136516943836E-012
           1          40  -6.1363213646463084     
           1          41  -3.7675025018189343E-012
           1          42   2.6015625260430581E-012
           1          43  -6.1363213646516499     
           1          44  -6.4865967396769326     
           1          45   6.3250805547511290E-013
           1          46  -6.4865967396782054     
           1          47   9.1065172207277275E-013
           1          48  -1.3402939585977112E-012
           1          49  -6.4865967396761324     
           1          50   2.0816554668191050E-009
           1          51   1.7720692469092597E-011
           1          52   9.3155311230260504E-010
           1          53   3.8555255208707499E-011
           1          54  -3.0302618413120574E-010
           1          55  -6.4247948825354817E-014
           1          56  -3.0317722516911462E-010
           1          57   9.2979663747503848E-010
           1          58   1.7920517390912519E-011
           1          59  -6.7892697563697707E-010
           1          60   1.1401970846278204E-009
           1          61   1.0231748814308701E-011
           1          62   5.0846137189703474E-010
           1          63   2.3559671729399758E-011
           1          64  -1.7066316248933189E-010
           1          65   2.1283444169105815E-013
           1          66  -1.7132059544402119E-010
           1          67   5.1057995333638946E-010
           1          68   1.1348614094550110E-011
           1          69  -3.8149528497345977E-010
           2           1   80.797232062508996     
           2           2   409.95159488961383     
           2           3   714.28531734741580     
           2           4  -588.21440461306963     
           2           5   228.03115808165882     
           2           6   653.99809150396993     
           2           7   6.3856373432430020     
           2           8  -1.8158299083964700E-009
           2           9  -4.4660370752875157E-011
           2          10   6.1300161008346065E-010
           2          11  -1.6686181575897300E-008
           2          12  -4.3027032422650217E-010
           2          13   5.6089673509291351E-009
           2          14  -4.4646466119756600E-008
           2          15  -1.1632527114368292E-009
           2          16   1.5062398436665506E-008
           2          17   4.4105690224891402E-008
           2          18   1.1530801857908467E-009
           2          19  -1.4888136489817019E-008
           2          20  -1.5928408677141848E-008
           2          21  -4.1073862924654296E-010
           2          22   5.3714922323905038E-009
           2          23   1.8183497341496077E-010
           2          24  -3.2270824257489222E-012
           2          25  -5.4266740418499684E-011
           2          26  -376.50810183896726     
           2          27   3.3917323855588077E-012
           2          28  -376.50810183896408     
           2          29   3.6493561584899604E-012
           2          30  -4.1257168146042870E-012
           2          31  -376.50810183896340     
           2          32   204.67596518516015     
           2          33   8.4323177237204967E-012
           2          34   204.67596518516388     
           2          35   1.3142635099498233E-011
           2          36  -9.5878356104523063E-012
           2          37   204.67596518518357     
           2          38  -24.533832655730251     
           2          39  -9.2591614577701965E-012
           2          40  -24.533832655731231     
           2          41  -1.8346015611453686E-011
           2          42   1.5468182127343489E-011
           2          43  -24.533832655754928     
           2          44  -52.958070425696370     
           2          45   1.8421588152508538E-012
           2          46  -52.958070425702445     
           2          47   4.4819327836541813E-012
           2          48  -7.0715118291878933E-012
           2          49  -52.958070425692696     
           2          50   1.1096510774232488E-008
           2          51   1.3009911480600948E-010
           2          52   4.9656661402869093E-009
           2          53   2.8448914074189737E-010
           2          54  -1.6671497043995721E-009
           2          55  -1.2255174365471082E-013
           2          56  -1.6677546555003691E-009
           2          57   4.9572497941689453E-009
           2          58   1.3059959514968758E-010
           2          59  -3.7337977581017309E-009
           2          60   6.1663543433381595E-009
           2          61   6.8350205319339910E-011
           2          62   2.7502901687363639E-009
           2          63   1.5649907373127342E-010
           2          64  -9.2921250583508518E-010
           2          65   6.1987807019514014E-013
           2          66  -9.3167699000817344E-010
           2          67   2.7609577114854736E-009
           2          68   7.3187302076189061E-011
           2          69  -2.0765560855009430E-009
           3           1   135.39538225661585     
           3           2   714.28531734741580     
           3           3   1456.0437599638210     
           3           4  -1017.7691529697431     
           3           5   822.27327751885309     
           3           6   2123.9241307735028     
           3           7   44.327429971898738     
           3           8  -3.5399878258536653E-009
           3           9  -2.1649206370595841E-010
           3          10   1.2884273611856692E-009
           3          11  -3.2235239717199966E-008
           3          12  -2.0578086257983707E-009
           3          13   1.1834155371108754E-008
           3          14  -8.6277249130708105E-008
           3          15  -5.5964367579051537E-009
           3          16   3.1840913780498618E-008
           3          17   8.5229994405214614E-008
           3          18   5.6138120732059651E-009
           3          19  -3.1571781159921540E-008
           3          20  -3.0779766222015184E-008
           3          21  -2.0530273460147843E-009
           3          22   1.1441934742897082E-008
           3          23   3.5512030647825140E-010
           3          24   2.2998475999731099E-011
           3          25  -1.3753415712605491E-010
           3          26  -965.01507777740937     
           3          27  -3.9578125518068508E-012
           3          28  -965.01507777740903     
           3          29   6.5982468614182367E-012
           3          30  -8.1717155364387544E-012
           3          31  -965.01507777741574     
           3          32   69.881165318276658     
           3          33  -7.2134604945189552E-012
           3          34   69.881165318272892     
           3          35   2.1563636670020354E-011
           3          36  -2.0583402247607014E-011
           3          37   69.881165318289305     
           3          38  -4.8611951902247901     
           3          39   1.3503447232805668E-011
           3          40  -4.8611951902203314     
           3          41  -2.9746652224217723E-011
           3          42   3.0461046070833680E-011
           3          43  -4.8611951902382380     
           3          44  -231.03325016844465     
           3          45  -7.9546727393794436E-012
           3          46  -231.03325016845429     
           3          47   7.1603216028220107E-012
           3          48  -1.2329849213450362E-011
           3          49  -231.03325016844190     
           3          50   2.1436190298434621E-008
           3          51   6.2424195508903341E-010
           3          52   9.5921248733749744E-009
           3          53   1.3720413962922212E-009
           3          54  -3.5264342985860877E-009
           3          55   1.7342904290033846E-012
           3          56  -3.5231230263615722E-009
           3          57   9.5835230872697997E-009
           3          58   6.1848393218157022E-010
           3          59  -7.8832446488062837E-009
           3          60   1.1916189987253895E-008
           3          61   3.3106737946324238E-010
           3          62   5.3164850925400843E-009
           3          63   7.4654089778480791E-010
           3          64  -1.9538885860500412E-009
           3          65  -2.7394997650725790E-012
           3          66  -1.9495418356482348E-009
           3          67   5.3325661365360808E-009
           3          68   3.2987033266661610E-010
           3          69  -4.3617149056458325E-009
           4           1  -113.80118013037986     
           4           2  -588.21440461306963     
           4           3  -1017.7691529697431     
           4           4   1722.3299220356853     
           4           5  -781.82720630611504     
           4           6  -2240.9341974777785     
           4           7  -72.484572358608176     
           4           8   3.4584663889020797E-009
           4           9   4.0642634504694018E-011
           4          10  -1.3731792777079573E-009
           4          11   3.2734770436530653E-008
           4          12   3.0309390486099205E-010
           4          13  -1.2376566277564663E-008
           4          14   8.7510717071044585E-008
           4          15   7.1993316398247360E-010
           4          16  -3.3200793851123637E-008
           4          17  -8.6265894396351967E-008
           4          18  -5.7012211092276090E-010
           4          19   3.2914154015409464E-008
           4          20   3.1085422083689739E-008
           4          21   1.3950091246682232E-010
           4          22  -1.1923068833355078E-008
           4          23  -3.2755654441595565E-010
           4          24   2.7697957779001021E-011
           4          25   1.4037493374905459E-010
           4          26   724.55785806294864     
           4          27  -9.1819102694977426E-012
           4          28   724.55785806292147     
           4          29  -5.3244123381521548E-012
           4          30   2.1673136607030262E-011
           4          31   724.55785806293704     
           4          32  -166.84827202001094     
           4          33  -2.5403614538404451E-011
           4          34  -166.84827202005238     
           4          35  -1.9671591514066458E-011
           4          36   5.9043194974112710E-011
           4          37  -166.84827202005985     
           4          38  -91.469641966171821     
           4          39   3.1429073206947105E-011
           4          40  -91.469641966119440     
           4          41   2.5211888093227811E-011
           4          42  -7.5481922885431452E-011
           4          43  -91.469641966115532     
           4          44   230.62638612146603     
           4          45  -6.7484969316235745E-012
           4          46   230.62638612145469     
           4          47  -5.3595864372091787E-012
           4          48   2.3268515772488051E-011
           4          49   230.62638612145417     
           4          50  -2.1737544768161785E-008
           4          51  -6.8138048074218568E-011
           4          52  -9.7302812066008570E-009
           4          53  -1.9106176154309092E-010
           4          54   3.6657257277492078E-009
           4          55   3.8436605041275275E-012
           4          56   3.6968697890988045E-009
           4          57  -9.6964942625757733E-009
           4          58  -9.4749731215433700E-011
           4          59   8.2616987707259025E-009
           4          60  -1.2157988320979785E-008
           4          61  -5.0089107862437066E-011
           4          62  -5.4217896052135255E-009
           4          63  -1.3419736265060410E-010
           4          64   2.0261700917709342E-009
           4          65  -3.5066189348773161E-012
           4          66   2.0483158400732728E-009
           4          67  -5.4552879610127186E-009
           4          68  -8.8301185471409366E-011
           4          69   4.5325680734348800E-009
           5           1   32.892730585403086     
           5           2   228.03115808165882     
           5           3   822.27327751885309     
           5           4  -781.82720630611504     
           5           5   1231.1333213021881     
           5           6   3055.0561582832288     
           5           7   104.67564613475687     
           5           8  -2.2157795060302557E-009
           5           9  -2.9021439304265256E-010
           5          10   1.0450690144535180E-009
           5          11  -2.0275442990563315E-008
           5          12  -2.6970106894740632E-009
           5          13   9.5536492011198584E-009
           5          14  -5.4272069091179732E-008
           5          15  -7.2823307832929160E-009
           5          16   2.5741024910988368E-008
           5          17   5.3511872874553268E-008
           5          18   7.2221790173321636E-009
           5          19  -2.5654738157287179E-008
           5          20  -1.9288500434147211E-008
           5          21  -2.6246454898036443E-009
           5          22   9.3683988205463058E-009
           5          23   2.1351146539026462E-010
           5          24   3.6360952986763222E-011
           5          25  -1.4442210370247676E-010
           5          26  -934.28855781054995     
           5          27  -1.5586918614914861E-011
           5          28  -934.28855781054563     
           5          29   3.7020167251601913E-012
           5          30  -1.6095714876043266E-011
           5          31  -934.28855781057086     
           5          32  -535.17418650614059     
           5          33  -3.3029262065628020E-011
           5          34  -535.17418650614218     
           5          35   2.9354945966419378E-012
           5          36  -3.1114101243501970E-011
           5          37  -535.17418650617742     
           5          38   130.80432791350381     
           5          39   4.5511370125307803E-011
           5          40   130.80432791348977     
           5          41  -3.7462080804197861E-012
           5          42   4.0103060988870943E-011
           5          43   130.80432791353931     
           5          44  -393.34389740241198     
           5          45  -1.9439240462780204E-011
           5          46  -393.34389740240283     
           5          47   4.8805367800918051E-013
           5          48  -1.0608462737915323E-011
           5          49  -393.34389740241386     
           5          50   1.3464788488823978E-008
           5          51   8.0378310159158633E-010
           5          52   6.0258999534724687E-009
           5          53   1.7937502912828519E-009
           5          54  -2.8483491910171136E-009
           5          55   1.9218061239014024E-012
           5          56  -2.8560045850555391E-009
           5          57   6.0219144181935837E-009
           5          58   8.0444882110182088E-010
           5          59  -6.3772725167648688E-009
           5          60   7.5347829184706945E-009
           5          61   4.4512652415105773E-010
           5          62   3.3635258471925202E-009
           5          63   1.0061506071077193E-009
           5          64  -1.5616253834865723E-009
           5          65  -6.0007169815451229E-012
           5          66  -1.5554173916634062E-009
           5          67   3.3740951089140083E-009
           5          68   4.4500490913955842E-010
           5          69  -3.4826866794764172E-009
           6           1   100.32644645696622     
           6           2   653.99809150396993     
           6           3   2123.9241307735028     
           6           4  -2240.9341974777785     
           6           5   3055.0561582832288     
           6           6   7657.0075748795007     
           6           7   262.74110766325833     
           6           8  -6.8613432479783528E-009
           6           9  -6.7911645038415367E-010
           6          10   3.4121226301055047E-009
           6          11  -6.3075279925165920E-008
           6          12  -6.3399746147730679E-009
           6          13   3.1137176128871635E-008
           6          14  -1.6822514667791542E-007
           6          15  -1.7067206024610942E-008
           6          16   8.3284979430466747E-008
           6          17   1.6560702017428307E-007
           6          18   1.6686713564445554E-008
           6          19  -8.2546625682928977E-008
           6          20  -5.9577147684756888E-008
           6          21  -5.9761837362311948E-009
           6          22   2.9939746133909060E-008
           6          23   6.0772456025492196E-010
           6          24   5.3544901854622118E-011
           6          25  -3.8535821097822766E-010
           6          26  -2335.0877260950883     
           6          27  -4.3825821650766501E-011
           6          28  -2335.0877260950647     
           6          29   7.6393141625143788E-012
           6          30  -3.8208049861640234E-011
           6          31  -2335.0877260951302     
           6          32  -1215.7019984574813     
           6          33  -5.2103726949991173E-011
           6          34  -1215.7019984574845     
           6          35   1.4895010981046362E-011
           6          36  -9.6823189249671886E-011
           6          37  -1215.7019984575625     
           6          38   331.81891265023819     
           6          39   8.5848526225658951E-011
           6          40   331.81891265019800     
           6          41  -1.6469252214347868E-011
           6          42   1.1860341513687101E-010
           6          43   331.81891265031163     
           6          44  -972.67209959383968     
           6          45  -4.2386262789792071E-011
           6          46  -972.67209959381523     
           6          47   2.4100297883610710E-012
           6          48  -3.0968632639968259E-011
           6          49  -972.67209959384149     
           6          50   4.1887813518644925E-008
           6          51   1.8687999567539404E-009
           6          52   1.8744902303695685E-008
           6          53   4.1820262800836994E-009
           6          54  -9.2663634011982655E-009
           6          55   3.3912268650358741E-012
           6          56  -9.2928393980869506E-009
           6          57   1.8726979929249753E-008
           6          58   1.8777860421299298E-009
           6          59  -2.0756855393538057E-008
           6          60   2.3405739749704286E-008
           6          61   1.0831319255480993E-009
           6          62   1.0449526453925544E-008
           6          63   2.4529483125944512E-009
           6          64  -5.1021911077044525E-009
           6          65  -1.3003729262086152E-011
           6          66  -5.0937688758840918E-009
           6          67   1.0482425342039548E-008
           6          68   1.0931232628837821E-009
           6          69  -1.1388119903017945E-008
           7           1  0.24394301274266317     
           7           2   6.3856373432430020     
           7           3   44.327429971898738     
           7           4  -72.484572358608176     
           7           5   104.67564613475687     
           7           6   262.74110766325833     
           7           7   10.040328225704947     
           7           8  -2.1563295222788917E-010
           7           9   2.1189352592485201E-011
           7          10   8.0965853371398909E-011
           7          11  -1.9964678443011391E-009
           7          12   2.1032193660879059E-010
           7          13   7.4123609088512458E-010
           7          14  -5.4073246195759415E-009
           7          15   5.6594135794190988E-010
           7          16   2.5930729659560457E-009
           7          17   5.5112478760368292E-009
           7          18  -5.5223127798470656E-010
           7          19  -3.6145867045065224E-009
           7          20  -2.0578751766763275E-009
           7          21   1.9896629093728420E-010
           7          22   1.7342698458652645E-009
           7          23   4.4230844368306260E-011
           7          24  -1.3745869938835186E-012
           7          25  -1.5509323375024437E-010
           7          26  -68.661986593985461     
           7          27   5.3187028394427568E-012
           7          28  -68.661986593995522     
           7          29  -2.5230611364358832E-012
           7          30   1.6383634198933761E-011
           7          31  -68.661986593989411     
           7          32  -51.839847377727757     
           7          33  -1.4422425877495332E-011
           7          34  -51.839847377706505     
           7          35   4.8951428030515942E-012
           7          36  -3.6868108409216503E-011
           7          37  -51.839847377726386     
           7          38   14.954535543167337     
           7          39   1.1076933048520139E-011
           7          40   14.954535543151424     
           7          41  -2.9999359185876170E-012
           7          42   2.6024074788609708E-011
           7          43   14.954535543167275     
           7          44  -34.298657397244831     
           7          45  -2.1231652728203676E-012
           7          46  -34.298657397242160     
           7          47   1.5853173531663564E-013
           7          48  -2.9069458993433146E-012
           7          49  -34.298657397244625     
           7          50   1.3519109762703389E-009
           7          51  -6.2520889744264038E-011
           7          52   6.0497834915401737E-010
           7          53  -1.3839672240827233E-010
           7          54  -2.8029476728241987E-010
           7          55   3.9509307879954668E-014
           7          56  -2.8182994452145499E-010
           7          57   6.0422068068904407E-010
           7          58  -6.1670059130400145E-011
           7          59  -6.2900234228010648E-010
           7          60   6.8560819903558125E-010
           7          61  -3.8010372042811186E-011
           7          62   3.0618764835606206E-010
           7          63  -8.3714610674953246E-011
           7          64  -1.7674030639160190E-012
           7          65  -4.0731143617494454E-013
           7          66  -1.7936796755652131E-012
           7          67   3.0728930538945781E-010
           7          68  -3.7174877016270601E-011
           7          69  -3.3771581656981544E-012
           8           1  -3.3888522035823544E-010
           8           2  -1.8158299083964700E-009
           8           3  -3.5399878258536653E-009
           8           4   3.4584663889020797E-009
           8           5  -2.2157795060302557E-009
           8           6  -6.8613432479783528E-009
           8           7  -2.1563295222788917E-010
           8           8   3.8682533109469919     
           8           9   2.4232992447181086E-002
           8          10  -3.9613320821287662E-003
           8          11   35.196192832785073     
           8          12   1.4519777950741580E-002
           8          13  -2.3735269584605470E-003
           8          14   90.249620545707117     
           8          15 -0.31356226984756552     
           8          16   5.1257569102543615E-002
           8          17  -85.747726987775991     
           8          18  0.27602357790552046     
           8          19  -4.5121173613363992E-002
           8          20   29.519528457560853     
           8          21 -0.12830106363433205     
           8          22   2.0973188610829280E-002
           8          23  0.15836280787461554     
           8          24   1.0396661186362136E-002
           8          25  -1.6995271045766862E-003
           8          26   2.5037021812125324E-009
           8          27   3.2629276151685949E-013
           8          28   2.5045177334999405E-009
           8          29   1.8342186485667697E-012
           8          30   9.2442778105825572E-013
           8          31   2.5051383432206794E-009
           8          32  -2.0417415962848948E-010
           8          33   1.7162458796836167E-012
           8          34  -1.9924083323170597E-010
           8          35  -7.5591319672924525E-013
           8          36   6.7066947933103742E-012
           8          37  -1.9822023452200559E-010
           8          38   8.9019310140653490E-011
           8          39  -1.4903661411848207E-012
           8          40   8.5370244649013324E-011
           8          41   1.5712295221956583E-012
           8          42  -5.7802881106242188E-012
           8          43   8.3007014543805984E-011
           8          44   8.6786738219493713E-010
           8          45  -1.8054739619922584E-012
           8          46   8.6904511131176250E-010
           8          47  -1.3597033797907093E-012
           8          48   9.2571511564007578E-013
           8          49   8.6954003844772863E-010
           8          50  -23.114270652525352     
           8          51  -1.7351237235976640E-002
           8          52  -10.337016085875284     
           8          53  -3.8798545954576581E-002
           8          54   2.8363815401200839E-003
           8          55  -1.2099009766728921E-012
           8          56   2.8363815393891768E-003
           8          57  -10.337016085875725     
           8          58  -1.7351237236712457E-002
           8          59   6.3423419351133622E-003
           8          60  -13.408333302312702     
           8          61   5.6116604723071679E-002
           8          62  -5.9963889457896276     
           8          63  0.12548054282512680     
           8          64  -9.1732999055947791E-003
           8          65   1.8224586272226358E-012
           8          66  -9.1732999028267884E-003
           8          67  -5.9963889457876958     
           8          68   5.6116604723155480E-002
           8          69  -2.0512122166351503E-002
           9           1  -6.1175663024390790E-012
           9           2  -4.4660370752875157E-011
           9           3  -2.1649206370595841E-010
           9           4   4.0642634504694018E-011
           9           5  -2.9021439304265256E-010
           9           6  -6.7911645038415367E-010
           9           7   2.1189352592485201E-011
           9           8   2.4232992447181086E-002
           9           9   3.9324468891351962     
           9          10  -1.1821100631523827E-002
           9          11   1.4519777975426038E-002
           9          12   35.234655953218251     
           9          13  -7.0828956420410424E-003
           9          14 -0.31356226978090679     
           9          15   89.418989161336043     
           9          16  0.15295887013865400     
           9          17  0.27602357784256865     
           9          18  -85.016536188744254     
           9          19 -0.13464711370846369     
           9          20 -0.12830106361149221     
           9          21   29.179656922047652     
           9          22   6.2586566105189839E-002
           9          23   1.0396661184613938E-002
           9          24  0.18590372689947637     
           9          25  -5.0715972599899885E-003
           9          26   2.3302738732196748E-010
           9          27  -1.2094287153711167E-012
           9          28   2.3249498301339924E-010
           9          29   2.2534065293258221E-013
           9          30   4.0429342869591047E-013
           9          31   2.3531042213841377E-010
           9          32   1.5882667130835035E-010
           9          33   2.2751776464993707E-012
           9          34   1.5250493239857260E-010
           9          35   1.0273926745915566E-012
           9          36  -9.1965176463796162E-013
           9          37   1.5419175383383570E-010
           9          38  -1.8752640770659929E-011
           9          39  -8.4765734690360400E-013
           9          40  -1.5508372780613605E-011
           9          41  -1.7496535984997815E-012
           9          42   1.7578038646976612E-013
           9          43  -1.5633770872145576E-011
           9          44   7.4131836559815321E-011
           9          45   1.3376936520977981E-012
           9          46   7.5865126990024179E-011
           9          47   7.9188641920678224E-014
           9          48   2.6336204115334406E-013
           9          49   7.2708608096546735E-011
           9          50  -3.8798545971238919E-002
           9          51  -10.382979786310646     
           9          52  -1.7351237243930676E-002
           9          53  -23.217048611200234     
           9          54   8.4641103232529612E-003
           9          55   1.3697406072555997E-012
           9          56   8.4641103248645991E-003
           9          57  -1.7351237243182459E-002
           9          58  -10.382979786314429     
           9          59   1.8926326050436329E-002
           9          60  0.12548054281714668     
           9          61  -5.8477351772419581     
           9          62   5.6116604717242460E-002
           9          63  -13.075933370729757     
           9          64  -2.7374251565411917E-002
           9          65  -5.8665343033553880E-013
           9          66  -2.7374251567191987E-002
           9          67   5.6116604716188331E-002
           9          68  -5.8477351772414057     
           9          69  -6.1210687333140383E-002
          10           1   1.1175827839371049E-010
          10           2   6.1300161008346065E-010
          10           3   1.2884273611856692E-009
          10           4  -1.3731792777079573E-009
          10           5   1.0450690144535180E-009
          10           6   3.4121226301055047E-009
          10           7   8.0965853371398909E-011
          10           8  -3.9613320821287662E-003
          10           9  -1.1821100631523827E-002
          10          10   3.8620650467448119     
          10          11  -2.3735269489025745E-003
          10          12  -7.0828956310969313E-003
          10          13   35.192484986110713     
          10          14   5.1257569148043552E-002
          10          15  0.15295887017657875     
          10          16   90.329693453798086     
          10          17  -4.5121173670096118E-002
          10          18 -0.13464711374939314     
          10          19  -85.818213818332509     
          10          20   2.0973188640588721E-002
          10          21   6.2586566117859940E-002
          10          22   29.552292090996247     
          10          23  -1.6995271083436829E-003
          10          24  -5.0715972585949481E-003
          10          25  0.15570786187764735     
          10          26  -1.0607374928436720E-009
          10          27  -1.9864022862878773E-012
          10          28  -1.0629619851599642E-009
          10          29   1.2157841007330448E-014
          10          30  -5.6556460745553264E-013
          10          31  -1.0605931162073787E-009
          10          32  -1.0705890457280151E-010
          10          33  -4.8331718498642813E-013
          10          34  -1.1294434812433828E-010
          10          35  -1.7504344294783958E-012
          10          36  -4.0869899541577285E-012
          10          37  -1.1486613321607914E-010
          10          38  -5.2125449499026801E-011
          10          39   1.2729671214930167E-012
          10          40  -4.7975405113843603E-011
          10          41  -3.1971204802132342E-013
          10          42   2.9852105593119852E-012
          10          43  -4.4579321213782417E-011
          10          44  -4.6026523603712792E-010
          10          45   1.6574267199957609E-012
          10          46  -4.6081303985464439E-010
          10          47   7.7342478279412011E-013
          10          48   1.1576647399619051E-013
          10          49  -4.6228085072885825E-010
          10          50   6.3423419256742747E-003
          10          51   8.4641103214263529E-003
          10          52   2.8363815356468132E-003
          10          53   1.8926326045874284E-002
          10          54  -10.332585182835231     
          10          55   1.6194989173736731E-012
          10          56  -10.332585182835105     
          10          57   2.8363815376198039E-003
          10          58   8.4641103198294706E-003
          10          59  -23.104362852129569     
          10          60  -2.0512122166902555E-002
          10          61  -2.7374251569346066E-002
          10          62  -9.1732999053058296E-003
          10          63  -6.1210687338892955E-002
          10          64  -6.0107191766809951     
          10          65  -1.6020124549913479E-012
          10          66  -6.0107191766842707     
          10          67  -9.1732999082951884E-003
          10          68  -2.7374251568400888E-002
          10          69  -13.440376672721010     
          11           1  -3.1202519217138617E-009
          11           2  -1.6686181575897300E-008
          11           3  -3.2235239717199966E-008
          11           4   3.2734770436530653E-008
          11           5  -2.0275442990563315E-008
          11           6  -6.3075279925165920E-008
          11           7  -1.9964678443011391E-009
          11           8   35.196192832785073     
          11           9   1.4519777975426038E-002
          11          10  -2.3735269489025745E-003
          11          11   320.83502734516583     
          11          12   8.6998727018538641E-003
          11          13  -1.4221549109818489E-003
          11          14   824.08127393920540     
          11          15 -0.18787834615584162     
          11          16   3.0712202064059956E-002
          11          17  -783.60976491125643     
          11          18  0.16538613936239743     
          11          19  -2.7035433577371669E-002
          11          20   270.15674656976211     
          11          21  -7.6874655881185541E-002
          11          22   1.2566588864515886E-002
          11          23   1.3191537698154092     
          11          24   6.2294085957706096E-003
          11          25  -1.0183123618172593E-003
          11          26   2.2780948311125330E-008
          11          27   4.2513793252342961E-012
          11          28   2.2791219653630691E-008
          11          29   9.4301512601760745E-012
          11          30   1.4228995101014893E-011
          11          31   2.2793536146361162E-008
          11          32  -2.1324954290278079E-009
          11          33   1.2517633167601311E-011
          11          34  -2.0879183907910527E-009
          11          35   3.0886654194629057E-012
          11          36   5.1145578304260467E-011
          11          37  -2.0743215605772987E-009
          11          38   7.2629948592603091E-010
          11          39  -1.1068600157707053E-011
          11          40   6.9258582205926549E-010
          11          41   8.9489333925966918E-012
          11          42  -4.6316315691157967E-011
          11          43   6.6837924853231347E-010
          11          44   7.9400076288836244E-009
          11          45  -1.6953389963123231E-011
          11          46   7.9509259690996251E-009
          11          47  -1.2438603186095332E-011
          11          48   7.8607597990161559E-012
          11          49   7.9560979086170399E-009
          11          50  -210.70543798740937     
          11          51  -1.0396409450529890E-002
          11          52  -94.230336513745129     
          11          53  -2.3247078260191841E-002
          11          54   1.6994857677239197E-003
          11          55  -1.1209089392591687E-011
          11          56   1.6994857600440708E-003
          11          57  -94.230336513748924     
          11          58  -1.0396409454438935E-002
          11          59   3.8001657151151536E-003
          11          60  -122.42479672250506     
          11          61   3.3623608147949291E-002
          11          62  -54.750033520627973     
          11          63   7.5184673449777153E-002
          11          64  -5.4964025198314193E-003
          11          65   1.6691379013248361E-011
          11          66  -5.4964024952546915E-003
          11          67  -54.750033520609904     
          11          68   3.3623608150153639E-002
          11          69  -1.2290329662407585E-002
          12           1  -5.9899817518292540E-011
          12           2  -4.3027032422650217E-010
          12           3  -2.0578086257983707E-009
          12           4   3.0309390486099205E-010
          12           5  -2.6970106894740632E-009
          12           6  -6.3399746147730679E-009
          12           7   2.1032193660879059E-010
          12           8   1.4519777950741580E-002
          12           9   35.234655953218251     
          12          10  -7.0828956310969313E-003
          12          11   8.6998727018538641E-003
          12          12   320.85807344703062     
          12          13  -4.2438864858469942E-003
          12          14 -0.18787834625063299     
          12          15   823.58358125073300     
          12          16   9.1648971787651148E-002
          12          17  0.16538613967221802     
          12          18  -783.17165443155773     
          12          19  -8.0677044205627019E-002
          12          20  -7.6874656069416125E-002
          12          21   269.95310439858599     
          12          22   3.7500240587819353E-002
          12          23   6.2294086085046005E-003
          12          24   1.3356555712472518     
          12          25  -3.0387690090569125E-003
