           1           1   5.2718909895895880     
           1           2   16.414109023332475     
           1           3   43.831340001172173     
           1           4  -14.088608017517977     
           1           5   26.896591273384868     
           1           6  -16.366970000682613     
           1           7  -35.769722839802206     
           1           8   2.6253657069659533E-011
           1           9   2.4475117344745215E-011
           1          10   1.5097478099793731E-011
           1          11   4.4475650165844620E-010
           1          12   4.5398720594305239E-010
           1          13   2.6799559679336425E-010
           1          14   1.0486080363009628E-009
           1          15   8.2307192483277781E-010
           1          16   1.3372297372940040E-009
           1          17  -1.6694794377756263E-010
           1          18  -4.3215839425747224E-010
           1          19   8.2282046309535404E-010
           1          20  -2.4728380588353251E-009
           1          21  -2.2985246542400756E-009
           1          22  -9.7557262384101014E-010
           1          23   2.2910342521548254E-010
           1          24   2.0941095307359463E-010
           1          25   1.1521962349341508E-010
           1          26  -11.329273956522007     
           1          27   5.6067740217072430E-012
           1          28  -11.329273956526688     
           1          29  -5.8283470504676897E-012
           1          30  -1.7554523309017377E-011
           1          31  -11.329273956530324     
           1          32   16.839192118730729     
           1          33  -1.2581187158170086E-011
           1          34   16.839192118715260     
           1          35   1.1652111392525197E-012
           1          36   2.5408257345741025E-011
           1          37   16.839192118737284     
           1          38   19.934725329575599     
           1          39   3.6982803739081176E-012
           1          40   19.934725329588503     
           1          41   3.0953153395706628E-012
           1          42  -1.2570145613734001E-011
           1          43   19.934725329570668     
           1          44   7.0242437068622916     
           1          45   1.0762814631416554E-012
           1          46   7.0242437068563470     
           1          47  -4.6697934645665222E-013
           1          48  -8.8766338864312959E-013
           1          49   7.0242437068568400     
           1          50  -3.0895511981589690E-010
           1          51  -1.5911127387953803E-010
           1          52  -1.4527523949247155E-010
           1          53  -3.4902075653863861E-010
           1          54  -1.0448579392856642E-010
           1          55  -1.3403189510853493E-012
           1          56  -1.0178320199253638E-010
           1          57  -1.3812040770262925E-010
           1          58  -1.5585359830648094E-010
           1          59  -2.2206509245982962E-010
           1          60   1.0681206298472879E-009
           1          61   4.2059497032828586E-010
           1          62   4.7861942192542309E-010
           1          63   9.3973928754874791E-010
           1          64   2.2434758681464520E-010
           1          65  -2.2943465627858626E-012
           1          66   2.2137789379706566E-010
           1          67   4.7691245903760416E-010
           1          68   4.2244267139249047E-010
           1          69   5.0589394490039204E-010
           2           1   16.414109023332475     
           2           2   51.328607927408484     
           2           3   137.50009892336612     
           2           4  -43.007913845546831     
           2           5   82.940787007680271     
           2           6  -51.549361239171652     
           2           7  -114.33890295884530     
           2           8  -7.3708285938926828E-011
           2           9  -7.0043732404448701E-011
           2          10  -1.0907977125628310E-011
           2          11  -1.3061400640458964E-009
           2          12  -1.0793717588670773E-009
           2          13  -1.4147538711900572E-010
           2          14  -3.7060300296028778E-009
           2          15  -3.9611270547202870E-009
           2          16   1.6871440558279646E-009
           2          17  -3.6152223659261120E-010
           2          18  -1.2583918722664196E-009
           2          19   2.6663111182253519E-009
           2          20   6.5465457372949341E-009
           2          21   6.3198369394596409E-009
           2          22   2.0474033647004711E-009
           2          23  -6.1168397981149882E-010
           2          24  -5.8022567912625083E-010
           2          25  -1.1576051792582981E-010
           2          26  -35.217719407904127     
           2          27   1.1166134660567528E-011
           2          28  -35.217719407914316     
           2          29  -1.2120946195373814E-011
           2          30  -3.1864055617011404E-011
           2          31  -35.217719407921102     
           2          32   53.052105554740734     
           2          33  -2.3070478505775510E-011
           2          34   53.052105554710238     
           2          35  -6.4841286667988772E-013
           2          36   4.6105487342442274E-011
           2          37   53.052105554751762     
           2          38   62.049870080227898     
           2          39   6.1192962441634037E-012
           2          40   62.049870080258493     
           2          41   1.1066007216421163E-011
           2          42  -2.1530100283778534E-011
           2          43   62.049870080224487     
           2          44   22.589584996683616     
           2          45   3.4023113304079475E-012
           2          46   22.589584996669167     
           2          47  -4.2107776687543322E-012
           2          48  -3.5664658432536493E-012
           2          49   22.589584996669586     
           2          50   9.9657037225404897E-010
           2          51   3.0067054149645522E-010
           2          52   4.3208781494434831E-010
           2          53   6.8837813402721236E-010
           2          54   2.1863402165944029E-012
           2          55  -3.2246989916792889E-012
           2          56   6.8498972714474117E-012
           2          57   4.4303502854378693E-010
           2          58   3.1129264700127753E-010
           2          59   2.8637516553852794E-011
           2          60  -2.8948491238570253E-009
           2          61  -1.3407715944993509E-009
           2          62  -1.2939088095181644E-009
           2          63  -3.0006238967897542E-009
           2          64  -2.8895429533917964E-010
           2          65  -2.7577561437955306E-012
           2          66  -2.9429784223158905E-010
           2          67  -1.2961287497327040E-009
           2          68  -1.3384252527543864E-009
           2          69  -6.4033778613804526E-010
           3           1   43.831340001172173     
           3           2   137.50009892336612     
           3           3   369.60144601868626     
           3           4  -117.14483061139478     
           3           5   220.25265055468390     
           3           6  -137.25020857901362     
           3           7  -296.93851008913219     
           3           8  -1.0404779340279007E-010
           3           9  -1.0156663437971636E-010
           3          10   2.9663233853655810E-011
           3          11  -1.7673121574368784E-009
           3          12  -1.3296868147870541E-009
           3          13   3.4649704818739694E-010
           3          14  -5.6219485608887508E-009
           3          15  -6.7012487367725191E-009
           3          16   6.8988892302563450E-009
           3          17  -1.2022342621758321E-009
           3          18  -3.5700079997219233E-009
           3          19   7.4389778711629271E-009
           3          20   9.1160430506805215E-009
           3          21   9.4295764922395004E-009
           3          22  -7.9450757890611356E-010
           3          23  -8.4339766167230507E-010
           3          24  -8.0666554170096122E-010
           3          25   1.8678104074855969E-010
           3          26  -95.060821778119973     
           3          27   9.9538874684029723E-012
           3          28  -95.060821778133032     
           3          29  -1.3533764829764921E-011
           3          30  -1.5931537318825770E-011
           3          31  -95.060821778137694     
           3          32   143.40076022567541     
           3          33  -1.1714767037370853E-011
           3          34   143.40076022564591     
           3          35  -1.5247020850267228E-011
           3          36   2.2748217713233408E-011
           3          37   143.40076022567695     
           3          38   162.38783017990124     
           3          39  -1.7908819993797581E-013
           3          40   162.38783017995445     
           3          41   3.3916347704522887E-011
           3          42  -3.9306742805893049E-012
           3          43   162.38783017992682     
           3          44   58.704998705760872     
           3          45   8.6387279621100271E-012
           3          46   58.704998705735136     
           3          47  -1.9443430822040463E-011
           3          48  -1.1843262180088451E-011
           3          49   58.704998705733495     
           3          50   1.2895414275182923E-009
           3          51   2.4945641813859253E-010
           3          52   5.6788657760273200E-010
           3          53   5.8203979072679551E-010
           3          54  -6.9623270221876971E-011
           3          55  -5.5501991156531925E-012
           3          56  -6.8650775162489581E-011
           3          57   5.6270414477287697E-010
           3          58   2.7895930445245497E-010
           3          59  -1.3196554113975433E-010
           3          60  -4.1516338243157480E-009
           3          61  -2.1709559916412726E-009
           3          62  -1.8635747220230161E-009
           3          63  -4.8585258011215701E-009
           3          64   5.7792833721124704E-010
           3          65   6.1357391111376559E-012
           3          66   5.7578458108662093E-010
           3          67  -1.8599302530293069E-009
           3          68  -2.1753071510018918E-009
           3          69   1.2886814851106309E-009
           4           1  -14.088608017517977     
           4           2  -43.007913845546831     
           4           3  -117.14483061139478     
           4           4   78.589957429193163     
           4           5  -78.151437190338783     
           4           6   26.715549494982575     
           4           7  -50.233134388147164     
           4           8   1.3758421675096497E-010
           4           9   9.4858426805143906E-011
           4          10   1.1189048189625841E-010
           4          11   2.4973790350747145E-009
           4          12   2.7513688183081277E-009
           4          13   1.4103138322553420E-009
           4          14   6.7455453794005660E-009
           4          15   6.4761484349059586E-009
           4          16   3.6042719187889256E-009
           4          17   9.8677756258663513E-011
           4          18  -5.1817866814236745E-010
           4          19  -4.2801908692267695E-010
           4          20  -1.3718901029588846E-008
           4          21  -1.0594600345653673E-008
           4          22  -1.0619132542553140E-008
           4          23   1.2716655740027811E-009
           4          24   1.0792589816562276E-009
           4          25   8.6925752148598496E-010
           4          26   41.175780577835241     
           4          27   3.0180629226614983E-011
           4          28   41.175780577820206     
           4          29  -2.7036777437436274E-011
           4          30  -1.0517156330577949E-010
           4          31   41.175780577792530     
           4          32  -47.520125779425996     
           4          33  -7.5786761073065770E-011
           4          34  -47.520125779495572     
           4          35   2.7458335743078180E-011
           4          36   1.5480017973254800E-010
           4          37  -47.520125779384756     
           4          38  -22.305644903845966     
           4          39   2.3910791870390010E-011
           4          40  -22.305644903817218     
           4          41  -1.6562226453722600E-011
           4          42  -8.5751256340096410E-011
           4          43  -22.305644903897075     
           4          44   12.628500857071096     
           4          45   2.8316122624144223E-012
           4          46   12.628500857054592     
           4          47   1.7246825294931200E-011
           4          48   7.1041269291839750E-012
           4          49   12.628500857055913     
           4          50  -1.7444682324790575E-009
           4          51  -1.1371234383373843E-009
           4          52  -8.1883985002027501E-010
           4          53  -2.5212748938743345E-009
           4          54  -2.9757272741934714E-010
           4          55  -4.2571508509280312E-012
           4          56  -2.7971798659571470E-010
           4          57  -7.6469398773768053E-010
           4          58  -1.1459164002987903E-009
           4          59  -6.1324227882397113E-010
           4          60   6.0494744670374159E-009
           4          61   1.8799204233100439E-009
           4          62   2.7200362821298656E-009
           4          63   4.2083786281162539E-009
           4          64   2.1984963481365353E-009
           4          65  -2.3913231069843168E-011
           4          66   2.1786309167235243E-009
           4          67   2.7029566186351753E-009
           4          68   1.8995610067295935E-009
           4          69   4.9452918071056363E-009
           5           1   26.896591273384868     
           5           2   82.940787007680271     
           5           3   220.25265055468390     
           5           4  -78.151437190338783     
           5           5   140.37851368829874     
           5           6  -80.128224167437679     
           5           7  -160.42341363722562     
           5           8  -1.2088817194598910E-010
           5           9  -1.1239959319824315E-010
           5          10  -1.0111206319011502E-011
           5          11  -2.0102388247561425E-009
           5          12  -1.7097867351328055E-009
           5          13  -5.4883759420503908E-010
           5          14  -5.9181968007645112E-009
           5          15  -6.3004206774637399E-009
           5          16   2.0634162962761259E-009
           5          17  -7.2623820752409701E-010
           5          18  -1.9780637986713954E-009
           5          19   4.4069939451312057E-009
           5          20   1.1040507789398524E-008
           5          21   1.0236557072848220E-008
           5          22   3.4996004182672580E-009
           5          23  -9.8157183634329371E-010
           5          24  -9.6863501819140952E-010
           5          25  -2.5665518518767516E-010
           5          26  -58.907956614896719     
           5          27   4.5417413473620518E-011
           5          28  -58.907956614933283     
           5          29  -4.5776856877422843E-011
           5          30  -1.5076437423179359E-010
           5          31  -58.907956614962337     
           5          32   84.087370672211733     
           5          33  -1.0767582117556833E-010
           5          34   84.087370672085498     
           5          35   1.7256667184546284E-011
           5          36   2.1801765365922950E-010
           5          37   84.087370672270140     
           5          38   99.136551529677774     
           5          39   3.3707629180554031E-011
           5          40   99.136551529769008     
           5          41   1.1870328658252281E-011
           5          42  -1.1120834503111302E-010
           5          43   99.136551529619510     
           5          44   30.822640695494222     
           5          45   4.8316103509423534E-012
           5          46   30.822640695453451     
           5          47   5.2715977345200966E-012
           5          48  -2.3601413501010498E-012
           5          49   30.822640695459260     
           5          50   1.4247988429893038E-009
           5          51   4.6109386760680579E-010
           5          52   5.7566701366701765E-010
           5          53   1.0835465547582351E-009
           5          54   1.8240229088300701E-010
           5          55  -9.2757699754243010E-012
           5          56   2.0633380518702209E-010
           5          57   6.4301631789954334E-010
           5          58   4.7615395244054705E-010
           5          59   5.0115443153005506E-010
           5          60  -5.0145868368394386E-009
           5          61  -2.1701255348073251E-009
           5          62  -2.2289456341744555E-009
           5          63  -4.8624260026669040E-009
           5          64  -4.3214589396483156E-010
           5          65  -2.3503702695858983E-011
           5          66  -4.5770518633195954E-010
           5          67  -2.2459422116708704E-009
           5          68  -2.1516400608630282E-009
           5          69  -9.2542154833313705E-010
           6           1  -16.366970000682613     
           6           2  -51.549361239171652     
           6           3  -137.25020857901362     
           6           4   26.715549494982575     
           6           5  -80.128224167437679     
           6           6   58.158503535227233     
           6           7   171.59090086860706     
           6           8   1.5383568456822811E-011
           6           9   2.0546878722748479E-011
           6          10  -5.1638670671595394E-011
           6          11   1.4693982861693926E-010
           6          12  -2.8208515839177261E-010
           6          13  -4.5723588902334491E-010
           6          14   8.6288676628449886E-010
           6          15   1.1117511283711142E-009
           6          16  -4.2984115295774603E-009
           6          17   6.0676142262766795E-010
           6          18   1.9443811016297499E-009
           6          19  -3.6937271383466011E-009
           6          20  -7.6441988199845080E-010
           6          21  -1.0095966093948753E-009
           6          22   3.6071736809828303E-009
           6          23   5.3506694522042418E-011
           6          24   4.4674932296526048E-011
           6          25  -3.3066145586037505E-010
           6          26   30.836769791159128     
           6          27  -2.7835218640140196E-011
           6          28   30.836769791179304     
           6          29   2.7843385735244338E-011
           6          30   8.8174949816008050E-011
           6          31   30.836769791200187     
           6          32  -52.002481776154227     
           6          33   6.3421137078393693E-011
           6          34  -52.002481776082682     
           6          35  -1.0607822222631186E-011
           6          36  -1.2862193704195627E-010
           6          37  -52.002481776186841     
           6          38  -74.006146957815929     
           6          39  -1.8487535781570036E-011
           6          40  -74.006146957870001     
           6          41  -8.0552286262280435E-012
           6          42   6.5776593069200711E-011
           6          43  -74.006146957789099     
           6          44  -34.934975022833264     
           6          45  -5.6481335575041612E-012
           6          46  -34.934975022806725     
           6          47  -1.6644002452714877E-012
           6          48   1.8066009254814768E-012
           6          49  -34.934975022808032     
           6          50  -1.0360869032635377E-010
           6          51   2.6316125217532643E-010
           6          52  -1.1325378846113528E-011
           6          53   5.5767869575497277E-010
           6          54   4.0528434711987623E-011
           6          55   6.1507076044181930E-012
           6          56   2.6591877233712744E-011
           6          57  -4.9319163761995891E-011
           6          58   2.5253457150862663E-010
           6          59   3.6686862380262750E-011
           6          60   4.4256118321061651E-010
           6          61   4.2046426103583467E-010
           6          62   1.9070594274698253E-010
           6          63   9.4170141747351980E-010
           6          64  -9.9419525768039502E-010
           6          65   1.3891402766027552E-011
           6          66  -9.7853478406229611E-010
           6          67   2.0095414625939951E-010
           6          68   4.0898397741751050E-010
           6          69  -2.2444087242884213E-009
           7           1  -35.769722839802206     
           7           2  -114.33890295884530     
           7           3  -296.93851008913219     
           7           4  -50.233134388147164     
           7           5  -160.42341363722562     
           7           6   171.59090086860706     
           7           7   762.14840772851608     
           7           8  -3.6554798485015875E-011
           7           9   8.1528934253314505E-011
           7          10  -2.4843554632320963E-010
           7          11  -1.5067237109712816E-009
           7          12  -3.8794607373497598E-009
           7          13  -1.6167266469024886E-009
           7          14  -2.3458298691510984E-009
           7          15  -8.0911140413988712E-010
           7          16  -1.5762276572725706E-008
           7          17   2.1763663521183062E-009
           7          18   9.0212166202113672E-009
           7          19  -1.3357734773150714E-008
           7          20   7.8995300885906072E-009
           7          21  -3.7819709280472266E-010
           7          22   1.7787382025707610E-008
           7          23  -8.5614646888733473E-010
           7          24  -4.1599649657541310E-010
           7          25  -1.4626195004782269E-009
           7          26   37.975602603235572     
           7          27  -2.0249376877943796E-010
           7          28   37.975602603367477     
           7          29   1.9486632119018667E-010
           7          30   6.7158870739072307E-010
           7          31   37.975602603528813     
           7          32  -105.00478593280822     
           7          33   4.8352392765314223E-010
           7          34  -105.00478593230004     
           7          35  -1.1988007848496908E-010
           7          36  -9.8126248669914043E-010
           7          37  -105.00478593306829     
           7          38  -245.83490924726965     
           7          39  -1.4850306854757856E-010
           7          40  -245.83490924758695     
           7          41   9.8030633117311889E-012
           7          42   5.1873138383406069E-010
           7          43  -245.83490924700070     
           7          44  -159.47930371068480     
           7          45  -2.7585226717403085E-011
           7          46  -159.47930371052715     
           7          47  -5.5169606532225281E-011
           7          48  -1.1218815133352692E-011
           7          49  -159.47930371054059     
           7          50   1.0872955190146786E-009
           7          51   2.6126367573919548E-009
           7          52   7.4706994623805182E-010
           7          53   5.6461232679867646E-009
           7          54  -9.5493219151023536E-011
           7          55   3.7470961658323109E-011
           7          56  -2.0490158658353972E-010
           7          57   4.3229537118034992E-010
           7          58   2.5910405452076641E-009
           7          59  -5.9497574254238231E-010
           7          60  -2.9795702334898310E-009
           7          61   1.4918492547661160E-009
           7          62  -1.4052675677627728E-009
           7          63   3.3402978133810744E-009
           7          64  -4.7571963880430635E-009
           7          65   1.2463432869146727E-010
           7          66  -4.6361859614613590E-009
           7          67  -1.3151503300444845E-009
           7          68   1.3901629954601534E-009
           7          69  -1.0812493316729653E-008
           8           1   2.6253657069659533E-011
           8           2  -7.3708285938926828E-011
           8           3  -1.0404779340279007E-010
           8           4   1.3758421675096497E-010
           8           5  -1.2088817194598910E-010
           8           6   1.5383568456822811E-011
           8           7  -3.6554798485015875E-011
           8           8  0.13174398848795246     
           8           9  -2.9179910874740831E-011
           8          10   4.4393855995820109E-012
           8          11   2.0401866369025621     
           8          12   1.0360801105946442E-010
           8          13   2.5656816948767098E-011
           8          14   5.6202477638675452     
           8          15  -1.2329692822277636E-011
           8          16   2.3331257065221405E-011
           8          17  0.14417509048735150     
           8          18  -1.3422499223203498E-010
           8          19  -3.0452002031110962E-011
           8          20  -12.234814810493139     
           8          21   2.4087540295708040E-010
           8          22   1.6838266891798473E-011
           8          23   1.0858715649732571     
           8          24  -1.2213397480864575E-010
           8          25   4.5076025242046748E-011
           8          26   3.1265155660915061E-011
           8          27   1.2997215465039520E-011
           8          28   5.5802948947671844E-011
           8          29   1.2483439254163130E-011
           8          30  -1.0193149612198697E-011
           8          31  -1.4945318788831094E-011
           8          32  -3.9371254618956850E-011
           8          33   4.5555431283566924E-011
           8          34   1.9606178524040439E-011
           8          35  -2.0799507034995958E-011
           8          36   4.3459637279546240E-012
           8          37  -6.4433645096442107E-011
           8          38  -1.2920980272781568E-010
           8          39  -4.6050914877168568E-011
           8          40  -9.9591235740933215E-011
           8          41   3.4476669642770469E-011
           8          42  -3.3662993722607476E-011
           8          43  -2.8566525357277468E-011
           8          44   6.8535515742028294E-011
           8          45   1.7287274924699070E-011
           8          46  -1.3482786904660593E-012
           8          47   1.9902881775339300E-011
           8          48   5.9910192927127150E-011
           8          49   2.8702310775733976E-011
           8          50  -1.2904774051867716     
           8          51  -3.9537997875708017E-011
           8          52 -0.57656994467352196     
           8          53  -1.3619905203655534E-010
           8          54   4.9376717992217044E-012
           8          55  -2.3614174175575485E-011
           8          56  -4.8072022057467157E-011
           8          57 -0.57656994459181599     
           8          58  -3.7785594098063912E-011
           8          59  -4.4523773556883933E-011
           8          60   5.5232927690451632     
           8          61  -6.8883496129336695E-011
           8          62   2.4693557095400696     
           8          63  -9.2840291010560143E-011
           8          64  -6.5241236024664589E-011
           8          65  -1.9701391501822194E-011
           8          66   4.7314305251819237E-012
           8          67   2.4693557094748413     
           8          68  -4.8774567718027368E-011
           8          69  -2.9021590686123164E-011
           9           1   2.4475117344745215E-011
           9           2  -7.0043732404448701E-011
           9           3  -1.0156663437971636E-010
           9           4   9.4858426805143906E-011
           9           5  -1.1239959319824315E-010
           9           6   2.0546878722748479E-011
           9           7   8.1528934253314505E-011
           9           8  -2.9179910874740831E-011
           9           9  0.13174398843080112     
           9          10  -8.4098261124083519E-012
           9          11  -5.3846996306283663E-010
           9          12   2.0401866365145267     
           9          13  -1.9213380886286354E-010
           9          14  -1.3058098283225167E-009
           9          15   5.6202477625261977     
           9          16  -5.1250656496469740E-010
           9          17  -6.1258331740529543E-011
           9          18  0.14417509052586688     
           9          19  -2.2215285166970357E-012
           9          20   2.6616795156809023E-009
           9          21  -12.234814807483788     
           9          22   1.0133667377450417E-009
           9          23  -2.8952041447855158E-010
           9          24   1.0858715646423303     
           9          25  -5.5410114918675868E-011
           9          26   2.4361827627694503E-011
           9          27   1.2747594592763535E-011
           9          28   4.7128533715552191E-011
           9          29   1.3903271325947745E-011
           9          30  -9.8980286489291149E-012
           9          31  -1.8678504318284808E-011
           9          32  -3.0891074029293117E-011
           9          33   4.3886640700408090E-011
           9          34   2.3264404965817174E-011
           9          35  -1.7650284838058394E-011
           9          36   6.4396161019697591E-012
           9          37  -5.6503921971585882E-011
           9          38  -1.5002105745156738E-010
           9          39  -4.5532213954535557E-011
           9          40  -1.1830662886606748E-010
           9          41   3.2460315114305844E-011
           9          42  -3.4668868796215934E-011
           9          43  -5.1588497389218339E-011
           9          44   4.1806339895208123E-011
           9          45   1.7365520127976589E-011
           9          46  -2.6407665144878324E-011
           9          47   1.7383978163944772E-011
           9          48   5.8695377538812644E-011
           9          49   2.0020130924411780E-012
           9          50   3.8588224282597169E-010
           9          51 -0.57656994445892973     
           9          52   8.6647092278910227E-011
           9          53  -1.2904774049505878     
           9          54   8.4332180128082907E-011
           9          55  -2.0353107194681445E-011
           9          56   3.1817833090507837E-011
           9          57   1.6593672269581529E-010
           9          58 -0.57656994445387089     
           9          59   1.3622990235890854E-010
           9          60  -1.1995687776433936E-009
           9          61   2.4693557088690077     
           9          62  -4.5752873711891767E-010
           9          63   5.5232927677868986     
           9          64  -2.5094876177068991E-010
           9          65  -2.0999571791766189E-011
           9          66  -1.8484307140454726E-010
           9          67  -5.1788066890435312E-010
           9          68   2.4693557088897662     
           9          69  -4.4682682553955370E-010
          10           1   1.5097478099793731E-011
          10           2  -1.0907977125628310E-011
          10           3   2.9663233853655810E-011
          10           4   1.1189048189625841E-010
          10           5  -1.0111206319011502E-011
          10           6  -5.1638670671595394E-011
          10           7  -2.4843554632320963E-010
          10           8   4.4393855995820109E-012
          10           9  -8.4098261124083519E-012
          10          10  0.13174398850716559     
          10          11   2.8423867426408539E-011
          10          12   2.5363572353499109E-011
          10          13   2.0401866370910833     
          10          14   1.2550743083705572E-010
          10          15   5.3396967403251187E-011
          10          16   5.6202477642739188     
          10          17  -5.0818384222938057E-011
          10          18  -3.1519342691410799E-011
          10          19  0.14417509059895964     
          10          20  -5.7240837070258557E-010
          10          21  -3.5601460668381349E-010
          10          22  -12.234814811246308     
          10          23   3.3571979289426831E-011
          10          24  -4.1224619202642484E-014
          10          25   1.0858715651044983     
          10          26   1.3401575582609509E-011
          10          27   7.8569726585172000E-013
          10          28   1.5411351386744443E-011
          10          29  -9.7974722528560842E-012
          10          30  -4.2433081262541786E-013
          10          31  -1.8552271212789714E-011
          10          32  -1.7594656553601036E-011
          10          33   6.8476020108624304E-012
          10          34   1.0820763917832382E-011
          10          35  -1.5367897965875038E-011
          10          36  -7.7882094824496057E-012
          10          37  -2.6266775158047748E-011
          10          38   3.6937404257758007E-011
          10          39   5.7557347913790187E-013
          10          40   4.0357325584973460E-011
          10          41   7.1663694437260733E-012
          10          42  -4.6661211860907441E-012
          10          43   7.7493039191351677E-011
          10          44   6.3087651525894091E-011
          10          45   1.2898069574342571E-012
          10          46   4.8889901602687607E-011
          10          47   2.0565703021859315E-011
          10          48   1.0477749618310025E-011
          10          49   5.2485069964812204E-011
          10          50   3.4435787554792651E-011
          10          51   2.6174638845239859E-011
          10          52  -2.3248708513886480E-011
          10          53   8.2883144791734025E-012
          10          54 -0.57656994463357003     
          10          55  -1.4136848033342132E-011
          10          56 -0.57656994464427302     
          10          57  -7.8420499261032461E-012
          10          58   8.2452378258281472E-012
          10          59  -1.2904774053279975     
          10          60   2.7602740926279572E-010
          10          61   7.0484472425284438E-011
          10          62   1.4436341011502887E-010
          10          63   1.9462521871900612E-010
          10          64   2.4693557096098733     
          10          65   2.9501466934974981E-012
          10          66   2.4693557096364507     
          10          67   1.1845350395000866E-010
          10          68   8.4141714429254859E-011
          10          69   5.5232927694036134     
          11           1   4.4475650165844620E-010
          11           2  -1.3061400640458964E-009
          11           3  -1.7673121574368784E-009
          11           4   2.4973790350747145E-009
          11           5  -2.0102388247561425E-009
          11           6   1.4693982861693926E-010
          11           7  -1.5067237109712816E-009
          11           8   2.0401866369025621     
          11           9  -5.3846996306283663E-010
          11          10   2.8423867426408539E-011
          11          11   45.749937904628176     
          11          12   1.5546706144675721E-009
          11          13  -9.3516749899473168E-011
          11          14   103.83245454204932     
          11          15  -8.5810425431987348E-010
          11          16  -3.3541647237452985E-010
          11          17  -14.344536610409651     
          11          18  -2.2237172103700691E-009
          11          19  -6.5601302168255284E-011
          11          20  -181.12139480450810     
          11          21   5.7431730482453219E-009
          11          22   3.2660274484797265E-010
          11          23   18.886146924078247     
          11          24  -2.2185299812515943E-009
          11          25   7.2371687462329646E-010
          11          26   6.4346675729216398E-010
          11          27   2.2633453772062172E-010
          11          28   9.6722683189983051E-010
          11          29   2.3935191224259959E-010
          11          30  -1.5125811493649800E-010
          11          31  -2.1500206820298796E-010
          11          32  -6.6953033822131645E-010
          11          33   8.1715175899812753E-010
          11          34   3.7687283010391069E-010
          11          35  -3.2826076496653533E-010
          11          36   1.3064375627126796E-010
          11          37  -1.1847467862194318E-009
          11          38  -2.0145980590916698E-009
          11          39  -8.0515235983848102E-010
          11          40  -1.4270888630773989E-009
          11          41   5.7939528832496701E-010
          11          42  -6.5275604311684805E-010
          11          43  -1.9354739075533075E-010
          11          44   1.3813439864976907E-009
          11          45   3.4939660053044002E-010
          11          46   1.3344907418371290E-010
          11          47   3.5783370563965443E-010
          11          48   1.0767857524272327E-009
          11          49   6.8111453399982405E-010
          11          50  -41.840047981442886     
          11          51  -6.1411054019802537E-010
          11          52  -18.712947538930134     
          11          53  -2.1635475633275684E-009
          11          54   4.4050252334680723E-010
          11          55  -4.1759489251940869E-010
          11          56  -5.2319459875596621E-010
          11          57  -18.712947537542014     
          11          58  -5.6924331914845261E-010
          11          59  -2.3685053917975202E-011
          11          60   71.545532885615046     
          11          61  -1.5428764932324783E-009
          11          62   31.997987024941327     
          11          63  -2.2805792809779286E-009
          11          64  -1.0165119856961673E-009
          11          65  -3.5488108175000240E-010
          11          66   2.3068258414608500E-010
          11          67   31.997987023842956     
          11          68  -1.1084173578980282E-009
          11          69  -2.5045521212467016E-010
          12           1   4.5398720594305239E-010
          12           2  -1.0793717588670773E-009
          12           3  -1.3296868147870541E-009
          12           4   2.7513688183081277E-009
          12           5  -1.7097867351328055E-009
          12           6  -2.8208515839177261E-010
          12           7  -3.8794607373497598E-009
          12           8   1.0360801105946442E-010
          12           9   2.0401866365145267     
          12          10   2.5363572353499109E-011
          12          11   1.5546706144675721E-009
          12          12   45.749937908349892     
          12          13   3.2545743877615377E-011
          12          14   5.2359565572146328E-009
          12          15   103.83245454580685     
          12          16  -2.5670154890628342E-010
          12          17  -1.9704149423205188E-009
          12          18  -14.344536610426751     
          12          19  -2.5996493846490869E-010
          12          20  -9.9820347543298355E-009
          12          21  -181.12139480758819     
          12          22  -1.8014478797732151E-010
          12          23   2.2367646276829464E-010
          12          24   18.886146923456515     
          12          25   7.1540322624249655E-010
