           1           1   4.8322169990849018     
           1           2   36.908665787094364     
           1           3   73.396133652105803     
           1           4   38.460952403392504     
           1           5   7.0201319665009727     
           1           6   1.7491081176437531     
           1           7   4.7556126222571003E-013
           1           8  -2.2130309787525222E-013
           1           9   4.2834526266008689E-013
           1          10   7.5880030025099825E-013
           1          11   2.9535682503704975E-012
           1          12   3.6279153617564869E-012
           1          13   1.5325660217706169E-012
           1          14  -1.7464595071668279E-012
           1          15  -1.0643175612971599E-012
           1          16  -1.5182447306915536E-012
           1          17   1.3191723870605850E-012
           1          18   7.2500009905377586E-013
           1          19   1.4591580570086724E-013
           1          20  -2.2010949961285541E-013
           1          21  -2.5833669886256052E-013
           1          22  -36.658599480017159     
           1          23  -1.5457434848681764E-013
           1          24  -36.658599480017230     
           1          25  -1.2249764490935506E-013
           1          26  -2.5260264717937490E-015
           1          27  -36.658599480017074     
           1          28  -13.418885707069244     
           1          29  -1.6911362099081011E-013
           1          30  -13.418885707069624     
           1          31  -8.8100510420134830E-014
           1          32  -1.7078974656071608E-013
           1          33  -13.418885707069435     
           1          34  -3.8766764226281341     
           1          35   1.9449094242245080E-013
           1          36  -3.8766764226286066     
           1          37   2.3065563685271951E-013
           1          38  -3.8243654445284530E-014
           1          39  -3.8766764226287531     
           2           1   36.908665787094364     
           2           2   487.37750269344735     
           2           3   952.01540579456980     
           2           4   464.89487221854279     
           2           5   174.70312460250364     
           2           6   38.578350494398009     
           2           7   1.4048324919668403E-012
           2           8   3.5696857987440009E-013
           2           9   1.5012143019623912E-012
           2          10   1.1857042553278842E-012
           2          11   2.2957203643537599E-012
           2          12  -9.5159273520172628E-013
           2          13   3.6719768688143984E-012
           2          14   1.4467659193406145E-011
           2          15  -3.4000519951693322E-013
           2          16  -3.0893968248632082E-012
           2          17  -1.7399091718069614E-011
           2          18  -6.8714461499442400E-013
           2          19  -8.7159827265477116E-013
           2          20   5.2746464918423775E-012
           2          21   6.7421170929369789E-013
           2          22  -487.54579724007419     
           2          23  -2.7914068938993499E-013
           2          24  -487.54579724007550     
           2          25  -2.0992743415554572E-012
           2          26  -8.3288562681981229E-013
           2          27  -487.54579724007601     
           2          28  -186.54264040252403     
           2          29  -3.0955759959662634E-013
           2          30  -186.54264040252366     
           2          31  -1.1498373572290086E-012
           2          32  -1.9178542145130542E-012
           2          33  -186.54264040252147     
           2          34  -67.362479894803926     
           2          35   8.4102531009834513E-013
           2          36  -67.362479894804750     
           2          37   2.6436185159515900E-012
           2          38   1.4871806856676351E-012
           2          39  -67.362479894809240     
           3           1   73.396133652105803     
           3           2   952.01540579456980     
           3           3   1890.0201947801133     
           3           4   979.54835424680914     
           3           5   187.40599537697815     
           3           6   46.986086944242992     
           3           7   4.8761793029639141E-012
           3           8  -3.8332945819294139E-012
           3           9   3.2798911156148048E-013
           3          10   5.3828592449726930E-012
           3          11  -1.9965467612239295E-012
           3          12  -5.7981388594351552E-012
           3          13   2.3058609594703796E-011
           3          14  -4.2151347316664920E-012
           3          15  -1.6906454983132513E-011
           3          16  -2.3906391828912039E-011
           3          17   5.2057096134651302E-013
           3          18   1.5545151504621157E-011
           3          19   1.7171918771549337E-012
           3          20   4.1769789694055776E-012
           3          21  -1.5264563173905614E-012
           3          22  -942.88810880842209     
           3          23  -1.3724749334770383E-012
           3          24  -942.88810880842425     
           3          25  -1.7909506804984256E-012
           3          26  -7.9965014381302851E-013
           3          27  -942.88810880842436     
           3          28  -343.89980179005738     
           3          29  -5.5461921856165242E-014
           3          30  -343.89980179005596     
           3          31  -2.8209210700415449E-012
           3          32  -3.2477463071388050E-012
           3          33  -343.89980179005136     
           3          34  -101.16691404328002     
           3          35   1.0474407419182395E-012
           3          36  -101.16691404328193     
           3          37   4.7907738022497240E-012
           3          38   2.2055843589727464E-012
           3          39  -101.16691404329063     
           4           1   38.460952403392504     
           4           2   464.89487221854279     
           4           3   979.54835424680914     
           4           4   671.62168583954997     
           4           5  -329.08792238517617     
           4           6  -55.801718242508215     
           4           7   7.0635629825130621E-012
           4           8  -1.4915943195581553E-011
           4           9  -6.1875090060267458E-012
           4          10   1.3213004704332384E-011
           4          11  -2.1562201147111718E-011
           4          12  -1.2872805685222067E-011
           4          13   6.4880933701790903E-011
           4          14  -8.9662983995357779E-011
           4          15  -5.4760930487709464E-011
           4          16  -7.1537694362111166E-011
           4          17   9.3639809987361811E-011
           4          18   5.8035739528817641E-011
           4          19   1.3207126212729108E-011
           4          20  -1.4539117439116557E-011
           4          21  -1.0329222529712405E-011
           4          22  -424.94390942238067     
           4          23  -4.8097888763478864E-013
           4          24  -424.94390942238192     
           4          25  -9.7087423550475807E-013
           4          26  -1.3735198145606400E-013
           4          27  -424.94390942238226     
           4          28  -111.72496543444295     
           4          29   1.2816836760706934E-014
           4          30  -111.72496543444274     
           4          31  -1.1977514771640348E-012
           4          32  -1.6523923538871836E-012
           4          33  -111.72496543444038     
           4          34   34.564130237978013     
           4          35   4.0956966860555142E-013
           4          36   34.564130237977253     
           4          37   2.0124589172179642E-012
           4          38   1.1118759307622316E-012
           4          39   34.564130237972890     
           5           1   7.0201319665009727     
           5           2   174.70312460250364     
           5           3   187.40599537697815     
           5           4  -329.08792238517617     
           5           5   1140.2330603173718     
           5           6   215.17406280861493     
           5           7  -1.4922829011518141E-011
           5           8   3.5046202021408749E-011
           5           9   1.5337243561879427E-011
           5          10  -2.2278274278287949E-011
           5          11   5.7347115980338747E-011
           5          12   2.3124097168220419E-011
           5          13  -9.2260717984574000E-011
           5          14   2.4083490751432659E-010
           5          15   1.0301094681856685E-010
           5          16   1.0533405481446996E-010
           5          17  -2.5742362677077805E-010
           5          18  -1.1193349426133287E-010
           5          19  -2.3742356259315981E-011
           5          20   4.6400170325406808E-011
           5          21   2.1304286886697265E-011
           5          22  -262.52724643064789     
           5          23   7.4365576229515967E-014
           5          24  -262.52724643064687     
           5          25  -1.4452450032886278E-012
           5          26  -2.3196494509054205E-012
           5          27  -262.52724643064801     
           5          28  -210.85876750423193     
           5          29  -7.4554194630662664E-013
           5          30  -210.85876750423188     
           5          31  -5.3644882765985715E-013
           5          32  -8.6366028459687205E-013
           5          33  -210.85876750423148     
           5          34  -239.00250004364659     
           5          35   1.1261957830232900E-012
           5          36  -239.00250004364707     
           5          37   2.1374454539012250E-012
           5          38   9.8500741250879059E-013
           5          39  -239.00250004364847     
           6           1   1.7491081176437531     
           6           2   38.578350494398009     
           6           3   46.986086944242992     
           6           4  -55.801718242508215     
           6           5   215.17406280861493     
           6           6   40.691097172931450     
           6           7  -2.0467273031091556E-012
           6           8   5.6620135782605178E-012
           6           9   3.1897371760783552E-012
           6          10  -3.1291874458303635E-012
           6          11   8.9752677386232756E-012
           6          12   4.3041999035784190E-012
           6          13  -1.1705843267121175E-011
           6          14   3.7816302937427519E-011
           6          15   1.6761205721871195E-011
           6          16   1.3817324280094825E-011
           6          17  -4.0496950157414150E-011
           6          18  -1.8280117042902537E-011
           6          19  -3.4604154784129073E-012
           6          20   7.3796430084900772E-012
           6          21   3.5726186117964996E-012
           6          22  -55.125039392880240     
           6          23  -7.7705880334261195E-013
           6          24  -55.125039392878321     
           6          25   1.4557062166523101E-012
           6          26  -1.8598669717761703E-012
           6          27  -55.125039392877817     
           6          28  -41.671338784526000     
           6          29   3.8527933222837404E-014
           6          30  -41.671338784526299     
           6          31  -4.8870878688560448E-013
           6          32   1.4016375984928163E-013
           6          33  -41.671338784526327     
           6          34  -45.488269542212876     
           6          35   1.3449139894911605E-013
           6          36  -45.488269542212841     
           6          37   5.5885948392953215E-013
           6          38   5.6282025191758287E-014
           6          39  -45.488269542213089     
           7           1   4.7556126222571003E-013
           7           2   1.4048324919668403E-012
           7           3   4.8761793029639141E-012
           7           4   7.0635629825130621E-012
           7           5  -1.4922829011518141E-011
           7           6  -2.0467273031091556E-012
           7           7   1.9963000462536591     
           7           8   7.7991392098889918E-014
           7           9   2.0426564086028493E-013
           7          10   4.5511969343513103E-003
           7          11  -2.3681360691818229E-013
           7          12   2.4922425234594910E-013
           7          13  0.13976637297228584     
           7          14   1.1652473690805098E-012
           7          15   7.3747952189558039E-013
           7          16  -6.1347976199407094E-002
           7          17  -1.2076910652076322E-012
           7          18  -8.8741514137079984E-013
           7          19   2.1516840468671243E-002
           7          20   1.7255885305719607E-013
           7          21   1.7964059059718657E-013
           7          22  -1.5385745001972153E-015
           7          23   1.1957087814176620E-013
           7          24  -2.1281924016406144E-013
           7          25  -4.7635941939280655E-013
           7          26   1.3558795650918169E-013
           7          27  -4.9485580009860037E-013
           7          28   2.3372114074655735E-012
           7          29  -1.9242731378258669E-013
           7          30   1.9040055379272343E-012
           7          31  -4.6180783399038482E-014
           7          32  -6.3501517061471102E-014
           7          33   1.9525698517820879E-012
           7          34   2.8809029680678218E-012
           7          35   1.3595028105521214E-013
           7          36   2.4259375210342407E-012
           7          37   4.4026763049697504E-014
           7          38   8.1681893799911943E-014
           7          39   2.6856962634837496E-012
           8           1  -2.2130309787525222E-013
           8           2   3.5696857987440009E-013
           8           3  -3.8332945819294139E-012
           8           4  -1.4915943195581553E-011
           8           5   3.5046202021408749E-011
           8           6   5.6620135782605178E-012
           8           7   7.7991392098889918E-014
           8           8   1.9963000462541660     
           8           9   1.6263759002742913E-013
           8          10   4.3955030587540982E-013
           8          11   4.5511969340366523E-003
           8          12   7.4487291334935788E-013
           8          13  -6.7533673965584882E-013
           8          14  0.13976637297413430     
           8          15   7.3201861239293641E-013
           8          16   9.9763600158748611E-013
           8          17  -6.1347976201477195E-002
           8          18  -8.6069346094680686E-013
           8          19   1.8924575448387581E-013
           8          20   2.1516840469242342E-002
           8          21   4.0081056962978424E-013
           8          22  -3.8178210253098561E-012
           8          23  -1.0936198716322348E-013
           8          24  -2.8400605767736063E-012
           8          25   2.9798206246856844E-013
           8          26  -1.4473451287116573E-013
           8          27  -3.3230373251756446E-012
           8          28  -5.0943650093531644E-012
           8          29   1.3748368975552104E-013
           8          30  -5.0175218412505149E-012
           8          31  -3.4063597824060388E-015
           8          32   1.7727780921080291E-014
           8          33  -5.2164987413886677E-012
           8          34  -6.8674151296033533E-012
           8          35   3.1116971556592519E-014
           8          36  -6.5453620418555060E-012
           8          37  -1.8967097752928087E-013
           8          38   3.5215378684229771E-014
           8          39  -6.4903262091190734E-012
           9           1   4.2834526266008689E-013
           9           2   1.5012143019623912E-012
           9           3   3.2798911156148048E-013
           9           4  -6.1875090060267458E-012
           9           5   1.5337243561879427E-011
           9           6   3.1897371760783552E-012
           9           7   2.0426564086028493E-013
           9           8   1.6263759002742913E-013
           9           9   1.9963000462540035     
           9          10   1.5254499052827386E-012
           9          11  -6.8159280303054756E-013
           9          12   4.5511969357673251E-003
           9          13  -2.8287094888758589E-013
           9          14   3.0382727583748586E-013
           9          15  0.13976637297262470     
           9          16   4.2080575135607666E-013
           9          17  -5.1258216421301881E-013
           9          18  -6.1347976200185478E-002
           9          19   9.9286898147871338E-015
           9          20   9.5759337959044683E-014
           9          21   2.1516840469168363E-002
           9          22  -2.8135552215762607E-012
           9          23   6.0348661089202937E-014
           9          24  -2.1550435107976438E-012
           9          25  -4.4516045367835228E-013
           9          26   2.1485594014949738E-014
           9          27  -2.8678807814600792E-012
           9          28  -2.3295256412516086E-012
           9          29  -2.5212463334986492E-013
           9          30  -2.2337601624973121E-012
           9          31  -1.5662772636941245E-014
           9          32  -1.9819426084441032E-013
           9          33  -2.4851101384265277E-012
           9          34  -2.9151714370399474E-012
           9          35   2.4744468801476542E-013
           9          36  -3.2536332896958875E-012
           9          37  -1.9244537693969795E-013
           9          38   3.4101479284522917E-013
           9          39  -2.8609904827633843E-012
          10           1   7.5880030025099825E-013
          10           2   1.1857042553278842E-012
          10           3   5.3828592449726930E-012
          10           4   1.3213004704332384E-011
          10           5  -2.2278274278287949E-011
          10           6  -3.1291874458303635E-012
          10           7   4.5511969343513103E-003
          10           8   4.3955030587540982E-013
          10           9   1.5254499052827386E-012
          10          10   2.2157788728927161     
          10          11   2.5077162572246969E-014
          10          12   3.1974423103821372E-014
          10          13   1.7841187461740042     
          10          14  -1.2399803406644603E-013
          10          15   1.8751666886321049E-013
          10          16  -1.8903297096464695     
          10          17   2.4094615192317877E-013
          10          18  -1.9295676168069302E-013
          10          19  0.38451725850642177     
          10          20  -1.0669503475213688E-013
          10          21  -1.2394252291313440E-013
          10          22   1.7237420276384942E-012
          10          23   4.0058710840443089E-013
          10          24   6.9476120246079694E-013
          10          25  -1.4037383274920731E-012
          10          26   1.1047292345923313E-012
          10          27  -3.2890937043934202E-013
          10          28   1.7699452506522596E-012
          10          29  -1.2901584302840095E-013
          10          30   1.8137521987346278E-012
          10          31   1.1358138439038223E-013
          10          32  -8.6585738538038413E-014
          10          33   1.9948414340199878E-012
          10          34   3.9048408722426446E-012
          10          35   1.2669251417712810E-013
          10          36   3.9002893027786028E-012
          10          37   7.0404485207915136E-014
          10          38   5.8554988842764867E-014
          10          39   3.8572130102853031E-012
          11           1   2.9535682503704975E-012
          11           2   2.2957203643537599E-012
          11           3  -1.9965467612239295E-012
          11           4  -2.1562201147111718E-011
          11           5   5.7347115980338747E-011
          11           6   8.9752677386232756E-012
          11           7  -2.3681360691818229E-013
          11           8   4.5511969340366523E-003
          11           9  -6.8159280303054756E-013
          11          10   2.5077162572246969E-014
          11          11   2.2157788728923973     
          11          12  -1.7466583735376015E-013
          11          13   8.9282747857708296E-014
          11          14   1.7841187461729087     
          11          15  -2.4714952306593817E-013
          11          16  -1.8915424779464319E-014
          11          17  -1.8903297096454545     
          11          18   1.1343703754039867E-013
          11          19   3.5785870794455886E-013
          11          20  0.38451725850641100     
          11          21   3.0469203548965279E-013
          11          22  -6.5984768728813115E-012
          11          23   1.5357561944355488E-013
          11          24  -8.2500076652516015E-012
          11          25  -3.1136883679848379E-013
          11          26   8.1657622313121611E-013
          11          27  -7.6668073000735041E-012
          11          28  -9.1595275788658060E-012
          11          29   3.3767206517390759E-014
          11          30  -8.7979265914932616E-012
          11          31   5.1466764596891514E-013
          11          32  -3.0361590207317829E-013
          11          33  -8.7781590136103568E-012
          11          34  -1.0776732652152878E-011
          11          35   3.3696603346059437E-014
          11          36  -1.1356892653277950E-011
          11          37  -5.1593192442179894E-013
          11          38   2.6795557549800819E-013
          11          39  -1.1412092833773625E-011
          12           1   3.6279153617564869E-012
          12           2  -9.5159273520172628E-013
          12           3  -5.7981388594351552E-012
          12           4  -1.2872805685222067E-011
          12           5   2.3124097168220419E-011
          12           6   4.3041999035784190E-012
          12           7   2.4922425234594910E-013
          12           8   7.4487291334935788E-013
          12           9   4.5511969357673251E-003
          12          10   3.1974423103821372E-014
          12          11  -1.7466583735376015E-013
          12          12   2.2157788728925727     
          12          13   9.6478380845830771E-014
          12          14  -5.6923910029618770E-013
          12          15   1.7841187461740007     
          12          16  -1.0758061109016410E-013
          12          17   6.2966298841099169E-013
          12          18  -1.8903297096464893     
          12          19   1.9172163856484739E-013
          12          20  -1.7834692056459610E-013
          12          21  0.38451725850654461     
          12          22  -2.7124881830643090E-012
          12          23  -6.7624841078228349E-013
          12          24  -7.1306202096218161E-013
          12          25   1.4726793897440285E-012
          12          26  -1.3884002952390610E-012
          12          27   8.9906313382370684E-013
          12          28  -2.0843990720744396E-012
          12          29   2.8083696827325090E-013
          12          30  -2.1694438766144081E-012
          12          31  -2.7444604713081535E-013
          12          32   2.5211026586806097E-013
          12          33  -2.2804746485711708E-012
          12          34  -4.8482561742331668E-012
          12          35  -2.5125315294592304E-013
          12          36  -4.3961067181054218E-012
          12          37   1.0093248375806228E-013
          12          38  -1.4757243001274246E-014
          12          39  -4.5210003025021244E-012
          13           1   1.5325660217706169E-012
          13           2   3.6719768688143984E-012
          13           3   2.3058609594703796E-011
          13           4   6.4880933701790903E-011
          13           5  -9.2260717984574000E-011
          13           6  -1.1705843267121175E-011
          13           7  0.13976637297228584     
          13           8  -6.7533673965584882E-013
          13           9  -2.8287094888758589E-013
          13          10   1.7841187461740042     
          13          11   8.9282747857708296E-014
          13          12   9.6478380845830771E-014
          13          13   14.119920777700310     
          13          14  -6.0307314697241200E-013
          13          15  -1.2537193505623660E-012
          13          16  -15.072908519978814     
          13          17   1.3739981374840058E-012
          13          18   1.6315837569900412E-012
          13          19   2.5548193237130752     
          13          20  -6.9229691423928741E-013
          13          21  -9.7934160780796001E-013
          13          22   3.6209528830170328E-012
          13          23  -1.0014418158850045E-013
          13          24   3.6943877892496622E-012
          13          25   9.4415128605207618E-013
          13          26  -1.3276419095767422E-012
          13          27   4.2707917223965694E-012
          13          28   2.6109194913155766E-012
          13          29  -2.5080770636384478E-013
          13          30   2.2009314353792491E-012
          13          31  -7.8695786254855919E-013
          13          32   3.1585513644441278E-013
          13          33   1.7894117420108206E-012
          13          34   1.5889910993744786E-011
          13          35   1.2952838459945176E-013
          13          36   1.5867476230502718E-011
          13          37   7.6811152374015861E-013
          13          38  -1.6506825459825830E-013
          13          39   1.6974351908570614E-011
          14           1  -1.7464595071668279E-012
          14           2   1.4467659193406145E-011
          14           3  -4.2151347316664920E-012
          14           4  -8.9662983995357779E-011
          14           5   2.4083490751432659E-010
          14           6   3.7816302937427519E-011
          14           7   1.1652473690805098E-012
          14           8  0.13976637297413430     
          14           9   3.0382727583748586E-013
          14          10  -1.2399803406644603E-013
          14          11   1.7841187461729087     
          14          12  -5.6923910029618770E-013
          14          13  -6.0307314697241200E-013
          14          14   14.119920777697148     
          14          15  -5.7480409321540078E-013
          14          16   8.5036838681507862E-013
          14          17  -15.072908519976838     
          14          18  -4.9807380441542750E-014
          14          19   1.3530773723679121E-012
          14          20   2.5548193237138310     
          14          21   1.3404832799337913E-012
          14          22  -3.6072262217328760E-011
          14          23  -1.4376223821626630E-012
          14          24  -3.3456543799863666E-011
          14          25   1.6142032962728397E-012
          14          26   1.9218512057919272E-013
          14          27  -3.1768591434383396E-011
          14          28  -3.9047370071064544E-011
          14          29   5.5791524631899629E-013
          14          30  -3.7516820392742036E-011
          14          31   1.3733163846735719E-012
          14          32  -3.2568646900703454E-013
          14          33  -3.7659707022695698E-011
          14          34  -4.6078948186435935E-011
          14          35  -7.2170326952042502E-014
          14          36  -4.6269191226392726E-011
          14          37  -1.7353475575539013E-012
          14          38   5.8043383128484980E-013
          14          39  -4.7039680489561194E-011
          15           1  -1.0643175612971599E-012
          15           2  -3.4000519951693322E-013
          15           3  -1.6906454983132513E-011
          15           4  -5.4760930487709464E-011
          15           5   1.0301094681856685E-010
          15           6   1.6761205721871195E-011
          15           7   7.3747952189558039E-013
          15           8   7.3201861239293641E-013
          15           9  0.13976637297262470     
          15          10   1.8751666886321049E-013
          15          11  -2.4714952306593817E-013
          15          12   1.7841187461740007     
          15          13  -1.2537193505623660E-012
          15          14  -5.7480409321540078E-013
          15          15   14.119920777698972     
          15          16   1.0380585280275389E-012
          15          17   2.3087087797467705E-013
          15          18  -15.072908519977764     
          15          19   7.9790341001035379E-013
          15          20  -2.0624127405931464E-013
          15          21   2.5548193237136876     
          15          22  -6.5017317988974432E-012
          15          23  -3.4555272032042105E-013
          15          24  -7.9983052845807966E-012
          15          25  -7.7677629626877842E-013
          15          26   1.7175737159291718E-012
          15          27  -8.6929661560394355E-012
          15          28  -1.0287144134587275E-011
          15          29   1.0639178222995430E-012
          15          30  -9.8314759510691282E-012
          15          31   3.9845062618848632E-013
          15          32  -3.5811285061021423E-013
          15          33  -9.5529652475005974E-012
          15          34  -1.9998096498013421E-011
          15          35  -7.8571773768888770E-013
          15          36  -1.9758155628502757E-011
          15          37  -2.2103934389936546E-014
          15          38   5.1996006979580002E-013
          15          39  -1.9953533780048727E-011
          16           1  -1.5182447306915536E-012
          16           2  -3.0893968248632082E-012
          16           3  -2.3906391828912039E-011
          16           4  -7.1537694362111166E-011
          16           5   1.0533405481446996E-010
          16           6   1.3817324280094825E-011
          16           7  -6.1347976199407094E-002
          16           8   9.9763600158748611E-013
          16           9   4.2080575135607666E-013
          16          10  -1.8903297096464695     
          16          11  -1.8915424779464319E-014
          16          12  -1.0758061109016410E-013
          16          13  -15.072908519978814     
          16          14   8.5036838681507862E-013
          16          15   1.0380585280275389E-012
          16          16   16.094194272665668     
          16          17  -1.6737861097098078E-012
          16          18  -1.4214185384283406E-012
          16          19  -2.7269583348765050     
          16          20   7.7659666891627707E-013
          16          21   9.9378838491650475E-013
          16          22  -5.7771813341267334E-012
          16          23  -1.3002595970310549E-013
          16          24  -5.1402286078646610E-012
          16          25  -4.6687932516894582E-013
          16          26   9.4715870872137236E-013
          16          27  -5.5958382121849572E-012
          16          28  -3.8278492049674478E-012
          16          29   3.1027550638915673E-013
          16          30  -3.5625657191018062E-012
          16          31   7.1919659825474288E-013
          16          32  -2.3872946137258526E-013
          16          33  -3.1572195612017835E-012
          16          34  -1.8429597612970090E-011
          16          35  -1.5186699330316325E-013
          16          36  -1.8364944592559614E-011
          16          37  -7.7094582144258767E-013
          16          38   1.4014220970400247E-013
          16          39  -1.9521938114316737E-011
          17           1   1.3191723870605850E-012
          17           2  -1.7399091718069614E-011
          17           3   5.2057096134651302E-013
          17           4   9.3639809987361811E-011
          17           5  -2.5742362677077805E-010
          17           6  -4.0496950157414150E-011
          17           7  -1.2076910652076322E-012
          17           8  -6.1347976201477195E-002
          17           9  -5.1258216421301881E-013
          17          10   2.4094615192317877E-013
          17          11  -1.8903297096454545     
          17          12   6.2966298841099169E-013
          17          13   1.3739981374840058E-012
          17          14  -15.072908519976838     
          17          15   2.3087087797467705E-013
          17          16  -1.6737861097098078E-012
          17          17   16.094194272665050     
          17          18   4.5026482542368025E-013
          17          19  -1.2982644473357436E-012
          17          20  -2.7269583348775535     
          17          21  -1.4863631159226693E-012
          17          22   4.0352440226196333E-011
          17          23   1.5767158630591107E-012
          17          24   3.7870287360995777E-011
          17          25  -1.7454476971612861E-012
          17          26  -2.0502941597659049E-013
          17          27   3.5867469783939818E-011
          17          28   4.2419287702636767E-011
          17          29  -5.9923853205775756E-013
          17          30   4.0729865808734373E-011
          17          31  -1.4577158335251885E-012
          17          32   3.4649340422043958E-013
          17          33   4.0912205396889650E-011
          17          34   4.9388211000733811E-011
          17          35   8.2393976639643189E-014
          17          36   4.9624913247723886E-011
          17          37   1.8400986033904148E-012
          17          38  -6.1680547613619920E-013
          17          39   5.0435408696977984E-011
          18           1   7.2500009905377586E-013
          18           2  -6.8714461499442400E-013
          18           3   1.5545151504621157E-011
          18           4   5.8035739528817641E-011
          18           5  -1.1193349426133287E-010
          18           6  -1.8280117042902537E-011
          18           7  -8.8741514137079984E-013
          18           8  -8.6069346094680686E-013
          18           9  -6.1347976200185478E-002
          18          10  -1.9295676168069302E-013
          18          11   1.1343703754039867E-013
          18          12  -1.8903297096464893     
          18          13   1.6315837569900412E-012
          18          14  -4.9807380441542750E-014
          18          15  -15.072908519977764     
          18          16  -1.4214185384283406E-012
          18          17   4.5026482542368025E-013
          18          18   16.094194272664915     
          18          19  -7.9905526639829263E-013
          18          20   1.0054110322074926E-013
          18          21  -2.7269583348772075     
          18          22   9.3116368619672334E-012
          18          23   8.3351960426222828E-013
          18          24   9.7810368521804948E-012
          18          25  -2.8791918352768320E-013
          18          26  -9.2967368005558504E-013
          18          27   9.9849587613530171E-012
          18          28   1.1432495281213638E-011
          18          29  -1.2444185513068208E-012
          18          30   1.1196181845153092E-011
          18          31  -1.9507613375200426E-013
          18          32   1.8319224636864938E-013
          18          33   1.0995857741009234E-011
          18          34   2.1918045261177421E-011
          18          35   8.8757748024746376E-013
          18          36   2.1552603961982385E-011
          18          37  -7.6160094519801879E-014
          18          38  -4.6488372809306890E-013
          18          39   2.1734749973078723E-011
          19           1   1.4591580570086724E-013
          19           2  -8.7159827265477116E-013
          19           3   1.7171918771549337E-012
          19           4   1.3207126212729108E-011
          19           5  -2.3742356259315981E-011
          19           6  -3.4604154784129073E-012
          19           7   2.1516840468671243E-002
          19           8   1.8924575448387581E-013
          19           9   9.9286898147871338E-015
          19          10  0.38451725850642177     
          19          11   3.5785870794455886E-013
          19          12   1.9172163856484739E-013
          19          13   2.5548193237130752     
          19          14   1.3530773723679121E-012
          19          15   7.9790341001035379E-013
          19          16  -2.7269583348765050     
          19          17  -1.2982644473357436E-012
          19          18  -7.9905526639829263E-013
          19          19  0.46418051439931651     
          19          20   1.4338833939641365E-013
          19          21   7.5790068664852285E-015
          19          22   3.1297517641475276E-012
          19          23   1.0026303140286293E-013
          19          24   2.7469679707962245E-012
          19          25  -1.1381154440657237E-013
          19          26   4.5217030900873201E-015
          19          27   2.8293714231970222E-012
          19          28   1.8910999707272820E-012
          19          29  -7.0342124375154090E-014
          19          30   1.8972779286581867E-012
          19          31  -8.5570638431130313E-014
          19          32   1.0073548136831603E-014
          19          33   1.8275103257379468E-012
          19          34   4.4087945371684735E-012
          19          35   3.5404531137633891E-014
          19          36   4.3752284859613157E-012
          19          37   1.1832468398262980E-013
          19          38  -1.0492114123629902E-014
          19          39   4.5703774008112241E-012
          20           1  -2.2010949961285541E-013
          20           2   5.2746464918423775E-012
          20           3   4.1769789694055776E-012
          20           4  -1.4539117439116557E-011
          20           5   4.6400170325406808E-011
          20           6   7.3796430084900772E-012
          20           7   1.7255885305719607E-013
          20           8   2.1516840469242342E-002
          20           9   9.5759337959044683E-014
          20          10  -1.0669503475213688E-013
          20          11  0.38451725850641100     
          20          12  -1.7834692056459610E-013
          20          13  -6.9229691423928741E-013
          20          14   2.5548193237138310     
          20          15  -2.0624127405931464E-013
          20          16   7.7659666891627707E-013
          20          17  -2.7269583348775535     
          20          18   1.0054110322074926E-013
          20          19   1.4338833939641365E-013
          20          20  0.46418051439969416     
          20          21   2.2685889625190699E-013
          20          22  -9.2788393803029472E-012
          20          23  -2.4937513153328478E-013
          20          24  -8.9535411201507830E-012
          20          25   2.2161790240309874E-013
          20          26   8.2414955389873888E-014
          20          27  -8.5247143331654391E-012
          20          28  -8.3385690547997655E-012
          20          29   9.9545732781511133E-014
          20          30  -8.0386448993241532E-012
          20          31   2.7045271241060621E-013
          20          32  -7.1905834074858683E-014
          20          33  -8.0863801811568893E-012
          20          34  -9.0617408893065764E-012
          20          35  -1.1768953643666017E-014
          20          36  -9.1209921395358316E-012
          20          37  -3.2737228438172398E-013
          20          38   1.1289857395033389E-013
          20          39  -9.2499835425150678E-012
          21           1  -2.5833669886256052E-013
          21           2   6.7421170929369789E-013
          21           3  -1.5264563173905614E-012
          21           4  -1.0329222529712405E-011
