           1           1   2.7125105233003035     
           1           2   5.0366457686728765     
           1           3   10.448232876716737     
           1           4  -18.186820588259646     
           1           5  -5.4263917965564907     
           1           6   5.4862126990879831E-012
           1           7   2.1139433460242330E-011
           1           8   5.5536228602551428E-013
           1           9  -6.9786314267956731E-015
           1          10  -2.1989475302054357E-012
           1          11  -1.2049602434714068E-012
           1          12  -1.7723023485210007E-013
           1          13   1.3508791235926688E-012
           1          14   1.4693428006024139E-012
           1          15  -1.5163042556028198E-013
           1          16  -1.1978709843160709E-012
           1          17  -4.6418582435663097E-013
           1          18   2.2144949889338359     
           1          19  -6.5561306139728817E-014
           1          20   2.2144949889342080     
           1          21  -1.6665948478651664E-014
           1          22  -4.9124410695720008E-014
           1          23   2.2144949889341379     
           1          24   4.3883757371107830     
           1          25   8.4867550140575387E-014
           1          26   4.3883757371110104     
           1          27  -2.2938276978369354E-014
           1          28   1.1135932993770673E-013
           1          29   4.3883757371110406     
           2           1   5.0366457686728765     
           2           2   37.483165411626729     
           2           3   74.071572092277421     
           2           4  -128.59044539357532     
           2           5  -38.215960696334179     
           2           6  -6.5792391712777677E-014
           2           7   1.3905615832470925E-012
           2           8  -1.3172641890663361E-013
           2           9   3.4645679588823289E-013
           2          10  -6.6692534896035224E-012
           2          11  -7.6382106982377628E-012
           2          12   7.4977563167888524E-014
           2          13   7.9529909286046376E-012
           2          14   9.7451866817020270E-012
           2          15   2.3699751229240637E-013
           2          16  -2.5104489454543940E-012
           2          17  -3.0329872266922391E-012
           2          18   15.563469637903992     
           2          19  -4.4215500529487655E-013
           2          20   15.563469637905056     
           2          21  -9.7754309822318844E-014
           2          22  -3.0339326147495232E-013
           2          23   15.563469637904753     
           2          24   30.915791330695452     
           2          25   6.4243607223650145E-013
           2          26   30.915791330695775     
           2          27  -1.7599092651584853E-013
           2          28   7.6353214725823505E-013
           2          29   30.915791330696017     
           3           1   10.448232876716737     
           3           2   74.071572092277421     
           3           3   164.03241038611134     
           3           4  -266.23732594099715     
           3           5  -79.148309658013204     
           3           6  -2.1515426104637538E-012
           3           7  -2.2580110266993943E-012
           3           8  -5.8986772439643774E-013
           3           9  -6.1305683926163186E-012
           3          10  -8.0984998922803206E-012
           3          11  -1.4332295459109720E-011
           3          12   7.0072706702788900E-012
           3          13   1.0153413281222484E-011
           3          14   1.8433414902682661E-011
           3          15  -5.4235991813034567E-013
           3          16  -3.5516397617781018E-012
           3          17  -5.9347067911633115E-012
           3          18   28.379001543748288     
           3          19  -8.7923831269057772E-013
           3          20   28.379001543749560     
           3          21  -1.9454919657978225E-013
           3          22  -6.2487531873536761E-013
           3          23   28.379001543749006     
           3          24   63.362538845172494     
           3          25   1.3124866477364488E-012
           3          26   63.362538845172537     
           3          27  -3.5065430555733674E-013
           3          28   1.5619137140098246E-012
           3          29   63.362538845173020     
           4           1  -18.186820588259646     
           4           2  -128.59044539357532     
           4           3  -266.23732594099715     
           4           4   464.06343323118188     
           4           5   137.79233313595154     
           4           6   1.5934484694441650E-012
           4           7   1.2910794085430816E-012
           4           8   7.6366600220686974E-013
           4           9  -4.2712802242072282E-012
           4          10   2.4851846915263334E-011
           4          11   2.7616872406451325E-011
           4          12   2.3301168204417570E-012
           4          13  -3.0044709096002302E-011
           4          14  -3.5310214441695997E-011
           4          15  -1.2046633070293648E-012
           4          16   9.0897866772254663E-012
           4          17   1.0985694050985959E-011
           4          18  -56.258521684285682     
           4          19   1.5935274625494522E-012
           4          20  -56.258521684287963     
           4          21   3.6930855267880926E-013
           4          22   1.1135097270182516E-012
           4          23  -56.258521684286904     
           4          24  -111.50328109482584     
           4          25  -2.3161069954925610E-012
           4          26  -111.50328109482584     
           4          27   6.1796246292089310E-013
           4          28  -2.7610961740017794E-012
           4          29  -111.50328109482675     
           5           1  -5.4263917965564907     
           5           2  -38.215960696334179     
           5           3  -79.148309658013204     
           5           4   137.79233313595154     
           5           5   40.915772961452127     
           5           6   8.9741731175399385E-013
           5           7   1.1475077199713127E-012
           5           8   3.1471252088536556E-013
           5           9  -1.5016530027702645E-012
           5          10   8.5167999045228549E-012
           5          11   8.7782173019088285E-012
           5          12   8.7704082386398228E-013
           5          13  -9.7391808691680308E-012
           5          14  -1.0924703356194877E-011
           5          15  -3.6623505600086873E-013
           5          16   2.7452033035615412E-012
           5          17   3.2889044203729245E-012
           5          18  -16.673111425295080     
           5          19   4.7293027125644322E-013
           5          20  -16.673111425295772     
           5          21   1.0946859132284023E-013
           5          22   3.3050119158526348E-013
           5          23  -16.673111425295460     
           5          24  -33.103882899883914     
           5          25  -6.8751517018829495E-013
           5          26  -33.103882899883921     
           5          27   1.8352285505526644E-013
           5          28  -8.1967754363841381E-013
           5          29  -33.103882899884198     
           6           1   5.4862126990879831E-012
           6           2  -6.5792391712777677E-014
           6           3  -2.1515426104637538E-012
           6           4   1.5934484694441650E-012
           6           5   8.9741731175399385E-013
           6           6   1.8357555517867614     
           6           7  -6.0647161363340044E-003
           6           8  -2.3611681983792101E-003
           6           9 -0.75866012211265177     
           6          10  -4.5280312580278023E-002
           6          11  -1.7628926346098226E-002
           6          12  0.64735694746816219     
           6          13   3.4981695998496952E-002
           6          14   1.3619379087226416E-002
           6          15  -6.1996569126438673E-002
           6          16  -2.2970024243359798E-003
           6          17  -8.9428902425189784E-004
           6          18  -1.6683851842038918E-013
           6          19  -9.9595581029593612E-015
           6          20  -5.1407918385647075E-014
           6          21   2.1052630436921996E-014
           6          22  -4.7623111097482434E-015
           6          23  -3.1393449101613200E-013
           6          24  -1.4285393806350886E-013
           6          25  -4.4694132132266056E-015
           6          26  -3.9833173343803274E-014
           6          27  -6.6877513874405096E-015
           6          28   6.8207114461190513E-015
           6          29  -2.6481807710654248E-013
           7           1   2.1139433460242330E-011
           7           2   1.3905615832470925E-012
           7           3  -2.2580110266993943E-012
           7           4   1.2910794085430816E-012
           7           5   1.1475077199713127E-012
           7           6  -6.0647161363340044E-003
           7           7   1.9213276874484431     
           7           8   3.3482200261601945E-002
           7           9  -4.5280312580315805E-002
           7          10 -0.11976244515290257     
           7          11  0.24998441141184685     
           7          12   3.4981695998515153E-002
           7          13  0.15377103703701195     
           7          14 -0.19312761299659456     
           7          15  -2.2970024243325450E-003
           7          16  -2.9586247084773601E-002
           7          17   1.2681334697934633E-002
           7          18  -9.3130542053815363E-013
           7          19   2.5274816554754270E-015
           7          20  -1.3729857457299393E-012
           7          21   8.1764424133771368E-015
           7          22  -6.8302499359376717E-015
           7          23  -1.4772830645731449E-012
           7          24   1.1070331138918814E-012
           7          25   5.0198393699703270E-015
           7          26   8.3922271057227213E-013
           7          27   6.4125064572113810E-015
           7          28   9.2886819102431330E-015
           7          29   7.2617143078811984E-013
           8           1   5.5536228602551428E-013
           8           2  -1.3172641890663361E-013
           8           3  -5.8986772439643774E-013
           8           4   7.6366600220686974E-013
           8           5   3.1471252088536556E-013
           8           6  -2.3611681983792101E-003
           8           7   3.3482200261601945E-002
           8           8   1.8483634497069130     
           8           9  -1.7628926346081958E-002
           8          10  0.24998441141179506     
           8          11 -0.66452718233914343     
           8          12   1.3619379087203362E-002
           8          13 -0.19312761299657918     
           8          14  0.57463373300797449     
           8          15  -8.9428902424284334E-004
           8          16   1.2681334697924176E-002
           8          17  -5.7221346109025586E-002
           8          18  -1.3258297232357814E-013
           8          19   1.5749875902236009E-015
           8          20  -3.1280042062494539E-013
           8          21  -1.6936444795346236E-014
           8          22   3.8767582853674504E-015
           8          23  -7.1842352213055609E-014
           8          24  -9.0957808966907154E-014
           8          25   6.7984907534185702E-015
           8          26  -2.0465500896458986E-013
           8          27   2.0102370582466042E-015
           8          28  -6.4121230724812933E-015
           8          29  -2.2831981185947647E-014
           9           1  -6.9786314267956731E-015
           9           2   3.4645679588823289E-013
           9           3  -6.1305683926163186E-012
           9           4  -4.2712802242072282E-012
           9           5  -1.5016530027702645E-012
           9           6 -0.75866012211265177     
           9           7  -4.5280312580315805E-002
           9           8  -1.7628926346081958E-002
           9           9  0.34008973807612564     
           9          10 -0.33807133941289175     
           9          11 -0.13162088339541847     
           9          12 -0.28816339895640597     
           9          13  0.26117992891888003     
           9          14  0.10168484861555294     
           9          15   2.7011719655831105E-002
           9          16  -1.7149852595443178E-002
           9          17  -6.6769302379627105E-003
           9          18   3.6954983693145575E-012
           9          19   5.8172828432034853E-015
           9          20   3.6738281900587060E-012
           9          21  -7.1733910804450889E-015
           9          22   4.7124704573388043E-015
           9          23   3.7801791340416088E-012
           9          24   1.4332100488008956E-012
           9          25  -1.8863025481319468E-015
           9          26   1.3854631037293165E-012
           9          27   9.2740832520746679E-016
           9          28  -4.5139212998404943E-015
           9          29   1.4835593416336701E-012
          10           1  -2.1989475302054357E-012
          10           2  -6.6692534896035224E-012
          10           3  -8.0984998922803206E-012
          10           4   2.4851846915263334E-011
          10           5   8.5167999045228549E-012
          10           6  -4.5280312580278023E-002
          10           7 -0.11976244515290257     
          10           8  0.24998441141179506     
          10           9 -0.33807133941289175     
          10          10   5.1102200903020041     
          10          11   1.8664306843831606     
          10          12  0.26117992891889336     
          10          13  -3.9733687419819037     
          10          14  -1.4419271220263703     
          10          15  -1.7149852595425310E-002
          10          16  0.26899328645711590     
          10          17   9.4681232583576788E-002
          10          18  -5.2476302904111625E-012
          10          19  -2.4915032239116013E-014
          10          20  -5.4364587250333616E-012
          10          21  -2.5595629804567392E-014
          10          22  -3.5956684499797710E-014
          10          23  -5.3559398466827394E-012
          10          24  -6.8321416357187535E-012
          10          25   5.0973128390652277E-014
          10          26  -6.6503181244286068E-012
          10          27   2.3553485252106448E-014
          10          28   2.0004252631964673E-014
          10          29  -6.6700935110414155E-012
          11           1  -1.2049602434714068E-012
          11           2  -7.6382106982377628E-012
          11           3  -1.4332295459109720E-011
          11           4   2.7616872406451325E-011
          11           5   8.7782173019088285E-012
          11           6  -1.7628926346098226E-002
          11           7  0.24998441141184685     
          11           8 -0.66452718233914343     
          11           9 -0.13162088339541847     
          11          10   1.8664306843831606     
          11          11   1.0429039904219377     
          11          12  0.10168484861555795     
          11          13  -1.4419271220263341     
          11          14 -0.83112861094285673     
          11          15  -6.6769302379569512E-003
          11          16   9.4681232583565825E-002
          11          17   6.2664433815640339E-002
          11          18  -4.1171965329843599E-012
          11          19  -9.9454506697832398E-015
          11          20  -4.1872846782034825E-012
          11          21  -1.6133025859983373E-015
          11          22  -1.6712082558844031E-014
          11          23  -4.2728149209463148E-012
          11          24  -6.7752939394882830E-012
          11          25   1.7834484614816532E-014
          11          26  -6.7005900053022898E-012
          11          27   9.3719287104578441E-015
          11          28   1.1951097138387346E-014
          11          29  -6.8020351976032591E-012
          12           1  -1.7723023485210007E-013
          12           2   7.4977563167888524E-014
          12           3   7.0072706702788900E-012
          12           4   2.3301168204417570E-012
          12           5   8.7704082386398228E-013
          12           6  0.64735694746816219     
          12           7   3.4981695998515153E-002
          12           8   1.3619379087203362E-002
          12           9 -0.28816339895640597     
          12          10  0.26117992891889336     
          12          11  0.10168484861555795     
          12          12  0.24430867470317297     
          12          13 -0.20177680660105460     
          12          14  -7.8557506766653268E-002
          12          15  -2.2942457208631570E-002
          12          16   1.3249266529443204E-002
          12          17   5.1583200397174673E-003
          12          18  -3.3453047259401309E-012
          12          19  -4.8336831462717017E-015
          12          20  -3.3248222878501499E-012
          12          21   6.2377922711576261E-015
          12          22  -3.8111681483715571E-015
          12          23  -3.4157344003808360E-012
          12          24  -9.6447007535596138E-013
          12          25   1.3239713700053142E-015
          12          26  -9.2412371290339315E-013
          12          27  -9.3182925721119618E-016
          12          28   3.7220103816902408E-015
          12          29  -1.0074367946104992E-012
          13           1   1.3508791235926688E-012
          13           2   7.9529909286046376E-012
          13           3   1.0153413281222484E-011
          13           4  -3.0044709096002302E-011
          13           5  -9.7391808691680308E-012
          13           6   3.4981695998496952E-002
          13           7  0.15377103703701195     
          13           8 -0.19312761299657918     
          13           9  0.26117992891888003     
          13          10  -3.9733687419819037     
          13          11  -1.4419271220263341     
          13          12 -0.20177680660105460     
          13          13   3.0913458450661406     
          13          14   1.1139732338478674     
          13          15   1.3249266529428667E-002
          13          16 -0.20988740358177646     
          13          17  -7.3146802799302496E-002
          13          18   6.1118327650278331E-012
          13          19   1.9433722971229897E-014
          13          20   6.2445501666430086E-012
          13          21   2.0140991293109547E-014
          13          22   2.7714966644144951E-014
          13          23   6.1787064429474407E-012
          13          24   8.0359913802257014E-012
          13          25  -3.9436867306027257E-014
          13          26   7.8862856726792869E-012
          13          27  -1.8093456185233497E-014
          13          28  -1.5245510779442798E-014
          13          29   7.8980730745020307E-012
          14           1   1.4693428006024139E-012
          14           2   9.7451866817020270E-012
          14           3   1.8433414902682661E-011
          14           4  -3.5310214441695997E-011
          14           5  -1.0924703356194877E-011
          14           6   1.3619379087226416E-002
          14           7 -0.19312761299659456     
          14           8  0.57463373300797449     
          14           9  0.10168484861555294     
          14          10  -1.4419271220263703     
          14          11 -0.83112861094285673     
          14          12  -7.8557506766653268E-002
          14          13   1.1139732338478674     
          14          14  0.66378113196124433     
          14          15   5.1583200397128642E-003
          14          16  -7.3146802799296404E-002
          14          17  -5.0486269015322542E-002
          14          18   5.0988695462082628E-012
          14          19   7.7753466067104368E-015
          14          20   5.1476161646979550E-012
          14          21   7.1777700615319488E-016
          14          22   1.3104385764713409E-014
          14          23   5.2216730428295546E-012
          14          24   8.6298030322394576E-012
          14          25  -1.3638774768890957E-014
          14          26   8.5681791500571626E-012
          14          27  -7.2164963435622413E-015
          14          28  -9.4862386247887955E-015
          14          29   8.6527291658542711E-012
          15           1  -1.5163042556028198E-013
          15           2   2.3699751229240637E-013
          15           3  -5.4235991813034567E-013
          15           4  -1.2046633070293648E-012
          15           5  -3.6623505600086873E-013
          15           6  -6.1996569126438673E-002
          15           7  -2.2970024243325450E-003
          15           8  -8.9428902424284334E-004
          15           9   2.7011719655831105E-002
          15          10  -1.7149852595425310E-002
          15          11  -6.6769302379569512E-003
          15          12  -2.2942457208631570E-002
          15          13   1.3249266529428667E-002
          15          14   5.1583200397128642E-003
          15          15   2.1665262467826345E-003
          15          16  -8.6998633056516606E-004
          15          17  -3.3871066849374586E-004
          15          18   5.8593200976562368E-013
          15          19   4.2542133107268475E-016
          15          20   5.8339668680417937E-013
          15          21  -6.3103853622632053E-016
          15          22   3.0450906082535826E-016
          15          23   5.9215045635725087E-013
          15          24   3.4918977671767474E-013
          15          25  -4.4516845067069430E-017
          15          26   3.4543983276429052E-013
          15          27   1.2971245037335867E-016
          15          28  -3.1909389770182051E-016
          15          29   3.5330585048022688E-013
          16           1  -1.1978709843160709E-012
          16           2  -2.5104489454543940E-012
          16           3  -3.5516397617781018E-012
          16           4   9.0897866772254663E-012
          16           5   2.7452033035615412E-012
          16           6  -2.2970024243359798E-003
          16           7  -2.9586247084773601E-002
          16           8   1.2681334697924176E-002
          16           9  -1.7149852595443178E-002
          16          10  0.26899328645711590     
          16          11   9.4681232583565825E-002
          16          12   1.3249266529443204E-002
          16          13 -0.20988740358177646     
          16          14  -7.3146802799296404E-002
          16          15  -8.6998633056516606E-004
          16          16   1.4441888626404525E-002
          16          17   4.8030370902882253E-003
          16          18  -1.6705799284500478E-012
          16          19  -1.3350710979230929E-015
          16          20  -1.6751058331092277E-012
          16          21  -1.4392558305394610E-015
          16          22  -1.7995840895881365E-015
          16          23  -1.6696246593013400E-012
          16          24  -2.3228940970479378E-012
          16          25   2.6077235626381617E-015
          16          26  -2.3101249230515517E-012
          16          27   1.1552978447709137E-015
          16          28   9.3457795748632417E-016
          16          29  -2.3097883109585786E-012
          17           1  -4.6418582435663097E-013
          17           2  -3.0329872266922391E-012
          17           3  -5.9347067911633115E-012
          17           4   1.0985694050985959E-011
          17           5   3.2889044203729245E-012
          17           6  -8.9428902425189784E-004
          17           7   1.2681334697934633E-002
          17           8  -5.7221346109025586E-002
          17           9  -6.6769302379627105E-003
          17          10   9.4681232583576788E-002
          17          11   6.2664433815640339E-002
          17          12   5.1583200397174673E-003
          17          13  -7.3146802799302496E-002
          17          14  -5.0486269015322542E-002
          17          15  -3.3871066849374586E-004
          17          16   4.8030370902882253E-003
          17          17   3.9751350260132769E-003
          17          18  -1.4706089353303324E-012
          17          19  -5.3979627082365834E-016
          17          20  -1.4720912988806223E-012
          17          21   1.2106906894615533E-016
          17          22  -9.2198886076363494E-016
          17          23  -1.4794932797183580E-012
          17          24  -2.6636062099698363E-012
          17          25   8.5120179938301747E-016
          17          26  -2.6583153991355620E-012
          17          27   4.6626177326741166E-016
          17          28   7.0350058879871008E-016
          17          29  -2.6658329579444347E-012
          18           1   2.2144949889338359     
          18           2   15.563469637903992     
          18           3   28.379001543748288     
          18           4  -56.258521684285682     
          18           5  -16.673111425295080     
          18           6  -1.6683851842038918E-013
          18           7  -9.3130542053815363E-013
          18           8  -1.3258297232357814E-013
          18           9   3.6954983693145575E-012
          18          10  -5.2476302904111625E-012
          18          11  -4.1171965329843599E-012
          18          12  -3.3453047259401309E-012
          18          13   6.1118327650278331E-012
          18          14   5.0988695462082628E-012
          18          15   5.8593200976562368E-013
          18          16  -1.6705799284500478E-012
          18          17  -1.4706089353303324E-012
          18          18   8.1687710476068567     
          18          19  -2.0534610227175406E-013
          18          20   8.1687710476071675     
          18          21  -5.0595555409970589E-014
          18          22  -1.3964789320979680E-013
          18          23   8.1687710476070201     
          18          24   13.728998455323776     
          18          25   2.8640526424254540E-013
          18          26   13.728998455323778     
          18          27  -7.6448162147099772E-014
          18          28   3.4235741050911115E-013
          18          29   13.728998455323904     
          19           1  -6.5561306139728817E-014
          19           2  -4.4215500529487655E-013
          19           3  -8.7923831269057772E-013
          19           4   1.5935274625494522E-012
          19           5   4.7293027125644322E-013
          19           6  -9.9595581029593612E-015
          19           7   2.5274816554754270E-015
          19           8   1.5749875902236009E-015
          19           9   5.8172828432034853E-015
          19          10  -2.4915032239116013E-014
          19          11  -9.9454506697832398E-015
          19          12  -4.8336831462717017E-015
          19          13   1.9433722971229897E-014
          19          14   7.7753466067104368E-015
          19          15   4.2542133107268475E-016
          19          16  -1.3350710979230929E-015
          19          17  -5.3979627082365834E-016
          19          18  -2.0534610227175406E-013
          19          19   5.7705419751725002E-027
          19          20  -2.0534610227176325E-013
          19          21   1.3150400817293392E-027
          19          22   4.0761572509147959E-027
          19          23  -2.0534610227175805E-013
          19          24  -3.8482901677796217E-013
          19          25  -8.2090621032754754E-027
          19          26  -3.8482901677796469E-013
          19          27   2.0650679770470190E-027
          19          28  -9.6920911897982842E-027
          19          29  -3.8482901677796641E-013
          20           1   2.2144949889342080     
          20           2   15.563469637905056     
          20           3   28.379001543749560     
          20           4  -56.258521684287963     
          20           5  -16.673111425295772     
          20           6  -5.1407918385647075E-014
          20           7  -1.3729857457299393E-012
          20           8  -3.1280042062494539E-013
          20           9   3.6738281900587060E-012
          20          10  -5.4364587250333616E-012
          20          11  -4.1872846782034825E-012
          20          12  -3.3248222878501499E-012
          20          13   6.2445501666430086E-012
          20          14   5.1476161646979550E-012
          20          15   5.8339668680417937E-013
          20          16  -1.6751058331092277E-012
          20          17  -1.4720912988806223E-012
          20          18   8.1687710476071675     
          20          19  -2.0534610227176325E-013
          20          20   8.1687710476074766     
          20          21  -5.0595555409969976E-014
          20          22  -1.3964789320979968E-013
          20          23   8.1687710476073292     
          20          24   13.728998455324337     
          20          25   2.8640526424255237E-013
          20          26   13.728998455324342     
          20          27  -7.6448162147106726E-014
          20          28   3.4235741050912317E-013
          20          29   13.728998455324469     
          21           1  -1.6665948478651664E-014
          21           2  -9.7754309822318844E-014
          21           3  -1.9454919657978225E-013
          21           4   3.6930855267880926E-013
          21           5   1.0946859132284023E-013
          21           6   2.1052630436921996E-014
          21           7   8.1764424133771368E-015
          21           8  -1.6936444795346236E-014
          21           9  -7.1733910804450889E-015
          21          10  -2.5595629804567392E-014
          21          11  -1.6133025859983373E-015
          21          12   6.2377922711576261E-015
          21          13   2.0140991293109547E-014
          21          14   7.1777700615319488E-016
          21          15  -6.3103853622632053E-016
          21          16  -1.4392558305394610E-015
          21          17   1.2106906894615533E-016
          21          18  -5.0595555409970589E-014
          21          19   1.3150400817293392E-027
          21          20  -5.0595555409969976E-014
          21          21   8.6392836596682789E-028
          21          22   9.6608049054910848E-028
          21          23  -5.0595555409974905E-014
          21          24  -8.9612759531347017E-014
          21          25  -2.1714902344105743E-027
          21          26  -8.9612759531346260E-014
          21          27   3.1550464243729040E-028
          21          28  -2.1532253249028437E-027
          21          29  -8.9612759531351612E-014
          22           1  -4.9124410695720008E-014
          22           2  -3.0339326147495232E-013
          22           3  -6.2487531873536761E-013
          22           4   1.1135097270182516E-012
          22           5   3.3050119158526348E-013
          22           6  -4.7623111097482434E-015
          22           7  -6.8302499359376717E-015
          22           8   3.8767582853674504E-015
          22           9   4.7124704573388043E-015
          22          10  -3.5956684499797710E-014
          22          11  -1.6712082558844031E-014
          22          12  -3.8111681483715571E-015
          22          13   2.7714966644144951E-014
          22          14   1.3104385764713409E-014
          22          15   3.0450906082535826E-016
          22          16  -1.7995840895881365E-015
          22          17  -9.2198886076363494E-016
          22          18  -1.3964789320979680E-013
          22          19   4.0761572509147959E-027
          22          20  -1.3964789320979968E-013
          22          21   9.6608049054910848E-028
          22          22   3.0328233083577326E-027
          22          23  -1.3964789320979571E-013
          22          24  -2.6826417406689129E-013
          22          25  -5.9178208155378164E-027
          22          26  -2.6826417406689180E-013
          22          27   1.2981207970837934E-027
          22          28  -6.8871499227603086E-027
          22          29  -2.6826417406689230E-013
          23           1   2.2144949889341379     
          23           2   15.563469637904753     
          23           3   28.379001543749006     
          23           4  -56.258521684286904     
          23           5  -16.673111425295460     
          23           6  -3.1393449101613200E-013
          23           7  -1.4772830645731449E-012
          23           8  -7.1842352213055609E-014
          23           9   3.7801791340416088E-012
          23          10  -5.3559398466827394E-012
          23          11  -4.2728149209463148E-012
          23          12  -3.4157344003808360E-012
          23          13   6.1787064429474407E-012
          23          14   5.2216730428295546E-012
          23          15   5.9215045635725087E-013
          23          16  -1.6696246593013400E-012
          23          17  -1.4794932797183580E-012
          23          18   8.1687710476070201     
          23          19  -2.0534610227175805E-013
          23          20   8.1687710476073292     
          23          21  -5.0595555409974905E-014
          23          22  -1.3964789320979571E-013
          23          23   8.1687710476071835     
          23          24   13.728998455324080     
          23          25   2.8640526424254868E-013
          23          26   13.728998455324087     
          23          27  -7.6448162147104265E-014
          23          28   3.4235741050911449E-013
          23          29   13.728998455324213     
          24           1   4.3883757371107830     
          24           2   30.915791330695452     
          24           3   63.362538845172494     
          24           4  -111.50328109482584     
          24           5  -33.103882899883914     
          24           6  -1.4285393806350886E-013
          24           7   1.1070331138918814E-012
          24           8  -9.0957808966907154E-014
          24           9   1.4332100488008956E-012
          24          10  -6.8321416357187535E-012
          24          11  -6.7752939394882830E-012
          24          12  -9.6447007535596138E-013
          24          13   8.0359913802257014E-012
          24          14   8.6298030322394576E-012
          24          15   3.4918977671767474E-013
          24          16  -2.3228940970479378E-012
          24          17  -2.6636062099698363E-012
          24          18   13.728998455323776     
          24          19  -3.8482901677796217E-013
          24          20   13.728998455324337     
          24          21  -8.9612759531347017E-014
          24          22  -2.6826417406689129E-013
          24          23   13.728998455324080     
          24          24   26.825126458041517     
          24          25   5.5734505766571640E-013
          24          26   26.825126458041524     
          24          27  -1.4876929606168252E-013
          24          28   6.6463019175301887E-013
          24          29   26.825126458041744     
          25           1   8.4867550140575387E-014
          25           2   6.4243607223650145E-013
          25           3   1.3124866477364488E-012
          25           4  -2.3161069954925610E-012
          25           5  -6.8751517018829495E-013
          25           6  -4.4694132132266056E-015
          25           7   5.0198393699703270E-015
          25           8   6.7984907534185702E-015
          25           9  -1.8863025481319468E-015
          25          10   5.0973128390652277E-014
          25          11   1.7834484614816532E-014
          25          12   1.3239713700053142E-015
          25          13  -3.9436867306027257E-014
          25          14  -1.3638774768890957E-014
          25          15  -4.4516845067069430E-017
          25          16   2.6077235626381617E-015
          25          17   8.5120179938301747E-016
          25          18   2.8640526424254540E-013
          25          19  -8.2090621032754754E-027
          25          20   2.8640526424255237E-013
          25          21  -2.1714902344105743E-027
          25          22  -5.9178208155378164E-027
          25          23   2.8640526424254868E-013
          25          24   5.5734505766571640E-013
          25          25   1.2147705656444324E-026
          25          26   5.5734505766571640E-013
          25          27  -2.8231950034434732E-027
          25          28   1.4001027271825264E-026
          25          29   5.5734505766572145E-013
          26           1   4.3883757371110104     
          26           2   30.915791330695775     
          26           3   63.362538845172537     
          26           4  -111.50328109482584     
          26           5  -33.103882899883921     
          26           6  -3.9833173343803274E-014
          26           7   8.3922271057227213E-013
          26           8  -2.0465500896458986E-013
          26           9   1.3854631037293165E-012
          26          10  -6.6503181244286068E-012
          26          11  -6.7005900053022898E-012
          26          12  -9.2412371290339315E-013
          26          13   7.8862856726792869E-012
          26          14   8.5681791500571626E-012
          26          15   3.4543983276429052E-013
          26          16  -2.3101249230515517E-012
          26          17  -2.6583153991355620E-012
          26          18   13.728998455323778     
          26          19  -3.8482901677796469E-013
          26          20   13.728998455324342     
          26          21  -8.9612759531346260E-014
          26          22  -2.6826417406689180E-013
          26          23   13.728998455324087     
          26          24   26.825126458041524     
          26          25   5.5734505766571640E-013
          26          26   26.825126458041524     
          26          27  -1.4876929606168378E-013
          26          28   6.6463019175301927E-013
          26          29   26.825126458041751     
          27           1  -2.2938276978369354E-014
          27           2  -1.7599092651584853E-013
          27           3  -3.5065430555733674E-013
          27           4   6.1796246292089310E-013
          27           5   1.8352285505526644E-013
          27           6  -6.6877513874405096E-015
          27           7   6.4125064572113810E-015
          27           8   2.0102370582466042E-015
          27           9   9.2740832520746679E-016
          27          10   2.3553485252106448E-014
          27          11   9.3719287104578441E-015
          27          12  -9.3182925721119618E-016
          27          13  -1.8093456185233497E-014
          27          14  -7.2164963435622413E-015
          27          15   1.2971245037335867E-016
          27          16   1.1552978447709137E-015
          27          17   4.6626177326741166E-016
          27          18  -7.6448162147099772E-014
          27          19   2.0650679770470190E-027
          27          20  -7.6448162147106726E-014
          27          21   3.1550464243729040E-028
          27          22   1.2981207970837934E-027
          27          23  -7.6448162147104265E-014
          27          24  -1.4876929606168252E-013
          27          25  -2.8231950034434732E-027
          27          26  -1.4876929606168378E-013
          27          27   9.9464633221803648E-028
          27          28  -3.5798645405823555E-027
          27          29  -1.4876929606168459E-013
          28           1   1.1135932993770673E-013
