           1           1   20.075348512043494     
           1           2   63.142493151663608     
           1           3   143.14159266789397     
           1           4  -113.78811128077668     
           1           5   88.956456551809822     
           1           6  -41.090357546394223     
           1           7  -182.54083911336573     
           1           8   9.9394318138695328E-012
           1           9   3.1753751104863348E-012
           1          10   3.1989283199693216E-012
           1          11   3.9228655581970153E-011
           1          12   4.4642872373333498E-011
           1          13   3.0695442778710039E-011
           1          14  -5.8631278226364264E-009
           1          15  -6.1911056125822207E-009
           1          16  -1.7856203038048399E-009
           1          17   7.5707288528259956E-009
           1          18   8.0054984822508229E-009
           1          19   2.3528167718036603E-009
           1          20  -1.8640818866077968E-009
           1          21  -1.9864776794879756E-009
           1          22  -5.3323438229014434E-010
           1          23   3.8110787240809450E-012
           1          24   3.0578360836735146E-012
           1          25  -1.7018037611911622E-011
           1          26  -35.211020127073517     
           1          27   2.3720054881355618E-012
           1          28  -35.211020127074491     
           1          29   8.8157241988298289E-012
           1          30  -5.1588444358191952E-013
           1          31  -35.211020127080772     
           1          32   63.978243974823471     
           1          33   3.8832898284997725E-012
           1          34   63.978243974801302     
           1          35   1.4457045995649581E-011
           1          36  -5.0035985461246170E-013
           1          37   63.978243974795291     
           1          38   77.069554864329945     
           1          39  -1.7993162990248223E-012
           1          40   77.069554864360299     
           1          41  -1.8923788010354692E-011
           1          42  -1.2737330907689106E-013
           1          43   77.069554864357002     
           1          44   58.019722560567189     
           1          45  -1.6337929294400455E-012
           1          46   58.019722560555358     
           1          47   2.5101893778314496E-012
           1          48  -3.3593303422694522E-013
           1          49   58.019722560567089     
           1          50   1.7979796659566304E-011
           1          51  -9.1910445637672304E-012
           1          52   8.2765775206049152E-012
           1          53  -2.9322512777757991E-011
           1          54  -8.6457066450072012E-012
           1          55  -1.6598031084187882E-012
           1          56  -1.7654907447461198E-011
           1          57   1.0935805521302585E-011
           1          58  -6.7798361760940963E-012
           1          59  -4.3619255979282729E-011
           1          60  -1.7091305207748445E-010
           1          61  -7.9484323428829546E-011
           1          62  -8.3035108632599348E-011
           1          63  -1.7087589971972584E-010
           1          64  -4.1601202117290256E-011
           1          65   1.4593943555618045E-012
           1          66  -3.4807364969629357E-011
           1          67  -8.3586767047911743E-011
           1          68  -7.5018266219864281E-011
           1          69  -8.2119784994323598E-011
           2           1   63.142493151663608     
           2           2   198.68271021293813     
           2           3   449.85455801764562     
           2           4  -360.81610566687090     
           2           5   278.93814275356760     
           2           6  -127.40606363218996     
           2           7  -560.94210613763278     
           2           8   2.6823016292790369E-011
           2           9   1.1571689760440026E-011
           2          10   1.2661789427504378E-011
           2          11   8.6294903309738763E-011
           2          12   8.9836276973541503E-011
           2          13   8.2858084756751551E-011
           2          14  -1.8194018297204439E-008
           2          15  -1.9223286785766645E-008
           2          16  -5.5487391158216657E-009
           2          17   2.3391135966942228E-008
           2          18   2.4731642313887882E-008
           2          19   7.2827846566669498E-009
           2          20  -5.8060042131082812E-009
           2          21  -6.1450858207000160E-009
           2          22  -1.6283302720970948E-009
           2          23   3.0048246167871592E-011
           2          24   1.5565782402170967E-011
           2          25  -6.0135999366334327E-011
           2          26  -111.35119686797512     
           2          27   8.0174380234754079E-012
           2          28  -111.35119686797776     
           2          29   2.7164742505616563E-011
           2          30  -1.7587672492176198E-012
           2          31  -111.35119686799709     
           2          32   201.65381531555983     
           2          33   1.1320122010494145E-011
           2          34   201.65381531549116     
           2          35   4.6217835979318133E-011
           2          36  -1.5276369253311109E-012
           2          37   201.65381531546984     
           2          38   239.61199554699772     
           2          39  -4.9008879133121449E-012
           2          40   239.61199554709151     
           2          41  -6.0046427001636720E-011
           2          42  -2.3333120947649231E-013
           2          43   239.61199554708415     
           2          44   178.59192072975421     
           2          45  -5.4324675922078403E-012
           2          46   178.59192072971805     
           2          47   8.3576934140234454E-012
           2          48  -1.4352021481951335E-012
           2          49   178.59192072975310     
           2          50   7.7239660510396411E-011
           2          51   1.7687442003708156E-012
           2          52   3.5631218557279336E-011
           2          53  -2.2525402143859663E-011
           2          54  -1.4052416360149280E-011
           2          55  -5.2440251931513531E-012
           2          56  -4.2413143633148362E-011
           2          57   4.3936194898581349E-011
           2          58   9.3713311472119200E-012
           2          59  -1.0702007910379970E-010
           2          60  -4.7000148958296878E-010
           2          61  -2.2875268976305603E-010
           2          62  -2.3124345279175880E-010
           2          63  -4.9074484903104094E-010
           2          64  -1.3168263310798690E-010
           2          65   4.4534226169892167E-012
           2          66  -1.1003693324421478E-010
           2          67  -2.3306166764960973E-010
           2          68  -2.1492482228805823E-010
           2          69  -2.5981438014422894E-010
           3           1   143.14159266789397     
           3           2   449.85455801764562     
           3           3   1027.8653423702369     
           3           4  -762.90660342589103     
           3           5   630.34894680634841     
           3           6  -309.40006757326830     
           3           7  -1474.1929861839401     
           3           8   5.5658485610360395E-011
           3           9   7.2789654691136759E-011
           3          10   5.9428306762455086E-011
           3          11   3.5316682899601571E-010
           3          12   3.6558926097282989E-010
           3          13   2.2072720813966341E-010
           3          14  -4.5461906389089935E-008
           3          15  -4.8099462676308859E-008
           3          16  -1.3828336727564670E-008
           3          17   5.8803266467236343E-008
           3          18   6.2299270385590435E-008
           3          19   1.8218919346997724E-008
           3          20  -1.4613851841952387E-008
           3          21  -1.5282080988616943E-008
           3          22  -3.9544848415713754E-009
           3          23   7.4224840170062407E-011
           3          24  -2.6558165993437903E-011
           3          25  -1.8811511081385458E-010
           3          26  -242.86425179036246     
           3          27   2.1873304740234652E-011
           3          28  -242.86425179036786     
           3          29   6.6087762414049200E-011
           3          30  -4.2054757001027981E-012
           3          31  -242.86425179041780     
           3          32   454.47344682215578     
           3          33   2.8153818942790058E-011
           3          34   454.47344682197934     
           3          35   1.1899974477322286E-010
           3          36  -3.7912533211890274E-012
           3          37   454.47344682192841     
           3          38   572.25260724505438     
           3          39  -1.3005044190370008E-011
           3          40   572.25260724529380     
           3          41  -1.5227574890477384E-010
           3          42  -1.4042913785953874E-012
           3          43   572.25260724527402     
           3          44   464.27479309406590     
           3          45  -1.3219218353987421E-011
           3          46   464.27479309397376     
           3          47   2.1217384225937994E-011
           3          48  -2.4844830338155551E-012
           3          49   464.27479309406147     
           3          50  -1.0324981057454872E-011
           3          51   2.0940543553142355E-011
           3          52  -1.7851298417182540E-014
           3          53  -2.3395576458007970E-011
           3          54   1.4712852020530217E-011
           3          55  -1.3377056164336260E-011
           3          56  -5.6799333261728169E-011
           3          57   1.9837173846908168E-011
           3          58   4.0635511355506725E-011
           3          59  -1.5775845013731558E-010
           3          60  -1.2683304854799373E-009
           3          61  -6.9785288623411507E-010
           3          62  -6.2019679438650049E-010
           3          63  -1.5040693209009267E-009
           3          64  -3.7873523548145008E-010
           3          65   1.1810049482263114E-011
           3          66  -3.2450411304090068E-010
           3          67  -6.2502550748276709E-010
           3          68  -6.6315818095037880E-010
           3          69  -7.5989586761597990E-010
           4           1  -113.78811128077668     
           4           2  -360.81610566687090     
           4           3  -762.90660342589103     
           4           4   972.68699500109255     
           4           5  -522.63921229509685     
           4           6   115.48588326312405     
           4           7  -154.50432594996667     
           4           8  -3.4618749511772477E-011
           4           9   1.3583910297263333E-011
           4          10  -6.7512536507477438E-012
           4          11  -4.2230069917102971E-011
           4          12   8.0811070724896215E-011
           4          13  -2.4956064568434523E-010
           4          14   7.5637385316770637E-009
           4          15   7.8376264769934756E-009
           4          16   2.4728957465697013E-009
           4          17  -9.6430346739058665E-009
           4          18  -9.6641782750455478E-009
           4          19  -3.7346003542366165E-009
           4          20   2.1988184458692292E-009
           4          21   2.4434828875763444E-009
           4          22   9.6257301685255143E-010
           4          23   5.9280651344766251E-011
           4          24  -2.9112396684489492E-011
           4          25  -2.9981411783139335E-011
           4          26   255.86789459548817     
           4          27   3.5241244251177592E-012
           4          28   255.86789459549215     
           4          29  -7.3384506290229918E-012
           4          30  -9.1877161953322034E-013
           4          31   255.86789459549163     
           4          32  -376.58014371128058     
           4          33   2.4701166635321195E-012
           4          34  -376.58014371126603     
           4          35  -1.3238902696340326E-011
           4          36   3.3113679509574368E-012
           4          37  -376.58014371126507     
           4          38  -272.37198641453051     
           4          39  -5.4543502233244538E-012
           4          40  -272.37198641455177     
           4          41   1.7315549379589445E-011
           4          42  -4.9961431385575867E-012
           4          43  -272.37198641453170     
           4          44   19.771721406986536     
           4          45   2.7254641824093124E-012
           4          46   19.771721406996743     
           4          47   1.1857815630449633E-012
           4          48   4.3511014041751529E-012
           4          49   19.771721406970066     
           4          50  -3.4335492621927279E-012
           4          51  -1.9441072252159242E-011
           4          52   1.2430612075363806E-011
           4          53  -5.3050130170801459E-011
           4          54   1.1263386132789157E-010
           4          55  -1.5780665393114072E-013
           4          56   1.1793277057043123E-010
           4          57   3.4472007506336451E-012
           4          58  -1.7441302164043834E-011
           4          59   2.7128325276065607E-010
           4          60   2.1822736046342495E-010
           4          61  -6.2942874480887232E-012
           4          62   9.8989366260971252E-011
           4          63  -3.5250845241601854E-012
           4          64   9.4351442452149157E-011
           4          65   1.6208579440597148E-012
           4          66   9.0337433366764755E-011
           4          67   9.7083270831438192E-011
           4          68  -1.1963029581619955E-011
           4          69   2.0204263670769427E-010
           5           1   88.956456551809822     
           5           2   278.93814275356760     
           5           3   630.34894680634841     
           5           4  -522.63921229509685     
           5           5   413.68959480776311     
           5           6  -189.76317692835698     
           5           7  -789.14169817681727     
           5           8   1.9155390288454749E-011
           5           9   4.1299469307916767E-011
           5          10   4.4546831405213697E-011
           5          11   1.3336944066392071E-010
           5          12   1.8418288675930101E-010
           5          13   2.6591953173259454E-010
           5          14  -2.5714919138114188E-008
           5          15  -2.7119009850193110E-008
           5          16  -7.6517823950187694E-009
           5          17   3.3280520929315009E-008
           5          18   3.5215905175278290E-008
           5          19   1.0454591182186519E-008
           5          20  -7.7447434512391192E-009
           5          21  -8.3693240528677147E-009
           5          22  -2.4733913445058981E-009
           5          23  -1.8448877843183942E-010
           5          24  -1.3654447398503621E-010
           5          25  -1.8701011714826039E-011
           5          26  -157.35596042089361     
           5          27   6.7838104072860958E-012
           5          28  -157.35596042090498     
           5          29   2.6036865868288999E-011
           5          30   8.4192339333808572E-013
           5          31  -157.35596042092035     
           5          32   278.83327633174372     
           5          33   1.3413821145893293E-011
           5          34   278.83327633164981     
           5          35   5.5879095060372016E-011
           5          36  -2.8963122453688806E-012
           5          37   278.83327633165516     
           5          38   356.32580320783802     
           5          39  -9.5582955482101787E-012
           5          40   356.32580320796967     
           5          41  -6.6853058616516711E-011
           5          42  -2.5086164187533641E-012
           5          43   356.32580320791095     
           5          44   251.79087840814225     
           5          45  -1.6564910109140820E-012
           5          46   251.79087840808288     
           5          47   9.9556871080019880E-013
           5          48   4.8658692835840177E-012
           5          49   251.79087840815731     
           5          50   6.6697788711743037E-011
           5          51   4.6618916951397418E-011
           5          52   2.1498344970510637E-011
           5          53   5.9410819141737455E-011
           5          54  -4.1565036703781087E-011
           5          55  -4.8444346463272450E-012
           5          56  -7.1072646655446850E-011
           5          57   3.3025484691315330E-011
           5          58   5.3550847203406533E-011
           5          59  -1.8826439985090993E-010
           5          60  -1.0275392098147599E-009
           5          61  -4.8751980091719640E-010
           5          62  -4.7521265271606220E-010
           5          63  -1.0541770291909032E-009
           5          64  -2.2520814571272487E-010
           5          65   6.7918568227171430E-012
           5          66  -2.0764791885122843E-010
           5          67  -4.7505327434659301E-010
           5          68  -4.6803668600080746E-010
           5          69  -4.7164788957234724E-010
           6           1  -41.090357546394223     
           6           2  -127.40606363218996     
           6           3  -309.40006757326830     
           6           4   115.48588326312405     
           6           5  -189.76317692835698     
           6           6   137.22237204164529     
           6           7   836.13255945251706     
           6           8   3.0457015332044612E-011
           6           9   3.0613750328185570E-010
           6          10   1.4849859041572407E-010
           6          11   1.9895784748849028E-009
           6          12   2.0431684463866927E-009
           6          13   3.7823749836766960E-010
           6          14   2.4789824357721769E-008
           6          15   2.6210366142213376E-008
           6          16   7.1545350135801526E-009
           6          17  -2.6947972050698153E-008
           6          18  -2.8341716869586525E-008
           6          19  -8.0731457154379735E-009
           6          20   6.5877434131509269E-009
           6          21   8.2229893760258344E-009
           6          22   2.6179111217051792E-009
           6          23  -6.9018840781892526E-012
           6          24  -3.7820480287497052E-010
           6          25  -1.9469319839656212E-010
           6          26   50.484614481758328     
           6          27   5.5356400332094659E-012
           6          28   50.484614481820145     
           6          29  -9.7857293319051181E-013
           6          30  -4.6123302868944365E-012
           6          31   50.484614481773320     
           6          32  -121.74118300961442     
           6          33  -3.5722431560550750E-011
           6          34  -121.74118300960600     
           6          35  -8.6004835232646867E-011
           6          36   8.3418825661203864E-012
           6          37  -121.74118300951110     
           6          38  -235.28372472846883     
           6          39   2.3660259100459447E-011
           6          40  -235.28372472854264     
           6          41   8.2702464800967656E-011
           6          42  -1.0796521950922039E-013
           6          43  -235.28372472855838     
           6          44  -254.72139287720648     
           6          45  -1.0851532438101541E-014
           6          46  -254.72139287716033     
           6          47  -6.2966445742365789E-012
           6          48  -4.6538795011688515E-012
           6          49  -254.72139287721018     
           6          50  -2.5886364658349782E-009
           6          51  -5.7642235949772211E-010
           6          52  -1.1566306055768245E-009
           6          53  -1.2405360194215968E-009
           6          54   9.2995859153140273E-011
           6          55   5.2988879891494792E-012
           6          56   1.2176918590496234E-010
           6          57  -1.1643217790194399E-009
           6          58  -5.8474974010688761E-010
           6          59   2.9713675680924980E-010
           6          60  -6.5513115083307691E-010
           6          61  -7.5123289253037543E-010
           6          62  -2.7490544109448732E-010
           6          63  -1.7147268481382664E-009
           6          64  -2.6345218510344278E-010
           6          65  -7.2130797650620922E-012
           6          66  -2.8151446879027022E-010
           6          67  -2.7376809411269635E-010
           6          68  -7.6802962684227574E-010
           6          69  -6.1762742411547196E-010
           7           1  -182.54083911336573     
           7           2  -560.94210613763278     
           7           3  -1474.1929861839401     
           7           4  -154.50432594996667     
           7           5  -789.14169817681727     
           7           6   836.13255945251706     
           7           7   6094.9328954295197     
           7           8  -9.5232609935395577E-011
           7           9  -7.2477084402811645E-010
           7          10  -4.4932364932810102E-010
           7          11  -3.3141309944535037E-009
           7          12  -4.0860000900859361E-009
           7          13  -9.2466691333342699E-010
           7          14   1.4642463626401598E-007
           7          15   1.5522831821715501E-007
           7          16   4.3693363351045115E-008
           7          17  -1.9550142230312654E-007
           7          18  -2.0937887441453653E-007
           7          19  -5.8515500030728316E-008
           7          20   4.7633993861535729E-008
           7          21   4.8681093816167574E-008
           7          22   1.1857260055917497E-008
           7          23   2.4181172629795717E-010
           7          24   1.0913611972049789E-009
           7          25   8.6574496108387701E-010
           7          26   111.23988439132103     
           7          27  -9.6165693371438828E-011
           7          28   111.23988439129432     
           7          29  -2.2338888813462100E-010
           7          30   1.5420877300143231E-011
           7          31   111.23988439152387     
           7          32  -517.22957063906620     
           7          33  -8.8679791961119610E-011
           7          34  -517.22957063837021     
           7          35  -3.4688446516577023E-010
           7          36  -1.6546520896635953E-012
           7          37  -517.22957063837111     
           7          38  -1358.9454919437153     
           7          39   6.1960657416482876E-011
           7          40  -1358.9454919446046     
           7          41   4.5431775889074350E-010
           7          42   3.1357163678270789E-011
           7          43  -1358.9454919444079     
           7          44  -1829.0530025738951     
           7          45   2.7590240519705796E-011
           7          46  -1829.0530025735488     
           7          47  -5.3300067853791064E-011
           7          48  -2.2881445916585612E-011
           7          49  -1829.0530025738706     
           7          50   2.6266554576349741E-009
           7          51   4.5576969637911094E-010
           7          52   1.1379968904347502E-009
           7          53   1.3342942133114797E-009
           7          54  -4.5086084052167247E-010
           7          55   4.4767106373923003E-011
           7          56  -2.2289021520517628E-010
           7          57   1.0915026556003095E-009
           7          58   3.8432736389787200E-010
           7          59  -3.7531929142801824E-010
           7          60   6.5772254390480160E-009
           7          61   4.3041113582142715E-009
           7          62   3.1016071145187162E-009
           7          63   9.3557735933632671E-009
           7          64   1.6625137970359702E-009
           7          65  -5.1414840397378325E-011
           7          66   1.5026420842696613E-009
           7          67   3.1189622163760979E-009
           7          68   4.1901841262901314E-009
           7          69   3.4566665956271117E-009
           8           1   9.9394318138695328E-012
           8           2   2.6823016292790369E-011
           8           3   5.5658485610360395E-011
           8           4  -3.4618749511772477E-011
           8           5   1.9155390288454749E-011
           8           6   3.0457015332044612E-011
           8           7  -9.5232609935395577E-011
           8           8  0.22138707638549787     
           8           9  -4.4202276700029313E-003
           8          10  -3.3125948140998347E-003
           8          11   3.3847602486294699     
           8          12   2.9169372052814256E-003
           8          13   2.1860030254096364E-003
           8          14   4.2808933249315135     
           8          15   4.2441321843823083E-003
           8          16   3.1806258215775754E-003
           8          17   2.9272956839496516     
           8          18  -3.0339417585876186E-003
           8          19  -2.2736882542195272E-003
           8          20  0.29085713900860788     
           8          21  -1.7293537330267859E-002
           8          22  -1.2960074990507867E-002
           8          23 -0.38327263270530976     
           8          24   5.1713512257295386E-003
           8          25   3.8754997550735789E-003
           8          26  -1.4712609897164474E-011
           8          27  -5.4771923256072602E-013
           8          28  -1.5050352072215109E-011
           8          29  -7.1548028799898505E-013
           8          30   1.3266024542740563E-013
           8          31  -1.3793604187169595E-011
           8          32   2.7941995122478362E-011
           8          33   8.2953173592966313E-013
           8          34   2.8550674226368769E-011
           8          35   1.0829910460115354E-012
           8          36  -5.9322925369106633E-015
           8          37   2.6603834628573740E-011
           8          38   8.1690585371693482E-012
           8          39  -5.1603552753618981E-013
           8          40   7.7706604872364862E-012
           8          41  -6.3670088126591829E-013
           8          42  -8.7855830204061590E-015
           8          43   8.9840990738764847E-012
           8          44   2.6496272145526007E-011
           8          45   5.3152460354365663E-014
           8          46   2.6581539188702170E-011
           8          47   1.0316294974791558E-013
           8          48  -4.1105099257194561E-014
           8          49   2.6333446265072632E-011
           8          50  -3.2916196219038496     
           8          51  -1.1147203492610124E-002
           8          52  -1.4720738934809239     
           8          53  -2.4971581958040615E-002
           8          54  -8.3539064590003442E-003
           8          55   1.2129134390190186E-014
           8          56  -8.3539064588789048E-003
           8          57  -1.4720738934810527     
           8          58  -1.1147203492735520E-002
           8          59  -1.8714133992769996E-002
           8          60  -2.9798137311612796     
           8          61   6.1146325572802064E-003
           8          62  -1.3327515473104277     
           8          63   1.3601820067763191E-002
           8          64   4.5824110456475801E-003
           8          65  -2.6892150881480099E-014
           8          66   4.5824110456464820E-003
           8          67  -1.3327515473104632     
           8          68   6.1146325572768636E-003
           8          69   1.0193438433946189E-002
           9           1   3.1753751104863348E-012
           9           2   1.1571689760440026E-011
           9           3   7.2789654691136759E-011
           9           4   1.3583910297263333E-011
           9           5   4.1299469307916767E-011
           9           6   3.0613750328185570E-010
           9           7  -7.2477084402811645E-010
           9           8  -4.4202276700029313E-003
           9           9  0.22843572327285894     
           9          10   6.8778339224289898E-003
           9          11   2.9169372049683167E-003
           9          12   3.3801088003590514     
           9          13  -4.5387276758286754E-003
           9          14   4.2441321838100170E-003
           9          15   4.2741254859563149     
           9          16  -6.6038309528583684E-003
           9          17  -3.0339417585907359E-003
           9          18   2.9321337117002244     
           9          19   4.7207856924491969E-003
           9          20  -1.7293537330046557E-002
           9          21  0.31843400770779984     
           9          22   2.6908586292052915E-002
           9          23   5.1713512257056393E-003
           9          24 -0.39151904701764678     
           9          25  -8.0465753215668966E-003
           9          26  -2.7759386161470571E-011
           9          27   1.3093040615324275E-013
           9          28  -2.7319402605498874E-011
           9          29   8.0088726555780982E-013
           9          30  -3.1352574049575736E-013
           9          31  -2.9014974568951641E-011
           9          32   3.9715425749320061E-012
           9          33  -3.1835417864229539E-013
           9          34   3.5768400459040072E-012
           9          35  -1.1401085480361051E-012
           9          36   2.0434505813616689E-013
           9          37   5.6546758987914301E-012
           9          38   4.4221755753708416E-011
           9          39   1.8579204528054626E-013
           9          40   4.4262629839009008E-011
           9          41   6.5676610431003600E-013
           9          42  -1.7411329768116499E-013
           9          43   4.3288784738393982E-011
           9          44   1.8845610918596701E-010
           9          45   1.8844769914177037E-014
           9          46   1.8853098543882520E-010
           9          47  -7.9894311614323310E-014
           9          48   5.6653429226291640E-014
           9          49   1.8860955339293398E-010
           9          50  -2.4971581957878360E-002
           9          51  -1.4542981798605061     
           9          52  -1.1147203492529458E-002
           9          53  -3.2517990794843303     
           9          54   1.7344946922811404E-002
           9          55  -1.1059604971536342E-013
           9          56   1.7344946922636145E-002
           9          57  -1.1147203492304223E-002
           9          58  -1.4542981798602450     
           9          59   3.8855553674801292E-002
           9          60   1.3601820067865686E-002
           9          61  -1.3425021504379344     
           9          62   6.1146325573000013E-003
           9          63  -3.0015036606950076     
           9          64  -9.5143124665212457E-003
           9          65   6.5935798004725018E-014
           9          66  -9.5143124664056958E-003
           9          67   6.1146325572814519E-003
           9          68  -1.3425021504378667     
           9          69  -2.1164307916194232E-002
          10           1   3.1989283199693216E-012
          10           2   1.2661789427504378E-011
          10           3   5.9428306762455086E-011
          10           4  -6.7512536507477438E-012
          10           5   4.4546831405213697E-011
          10           6   1.4849859041572407E-010
          10           7  -4.4932364932810102E-010
          10           8  -3.3125948140998347E-003
          10           9   6.8778339224289898E-003
          10          10  0.22441251423098876     
          10          11   2.1860030254238351E-003
          10          12  -4.5387276758137732E-003
          10          13   3.3827637423699191     
          10          14   3.1806258218996029E-003
          10          15  -6.6038309530996762E-003
          10          16   4.2779884161607704     
          10          17  -2.2736882547824125E-003
          10          18   4.7207856934974026E-003
          10          19   2.9293722743202504     
          10          20  -1.2960074990267103E-002
          10          21   2.6908586292336469E-002
          10          22  0.30269375156104950     
          10          23   3.8754997550671413E-003
          10          24  -8.0465753217334266E-003
          10          25 -0.38681217928076206     
          10          26  -1.9365038638082147E-011
          10          27  -5.2048507929792900E-014
          10          28  -1.9365414704892631E-011
          10          29   2.4959341339078845E-013
          10          30  -7.5255429321466860E-014
          10          31  -1.9558957600712252E-011
          10          32   7.5415121000761631E-012
          10          33  -9.2595228095080299E-014
          10          34   7.1983124188219763E-012
          10          35  -3.2420709422586683E-013
          10          36  -1.1445343498121012E-013
          10          37   7.7923500985658442E-012
          10          38   5.0032467454299118E-011
          10          39   5.0674122632147612E-014
          10          40   5.0349915916804606E-011
          10          41   2.0988563792125832E-013
          10          42   2.6415642182323241E-014
          10          43   4.9950109102476347E-011
          10          44   1.1973365148863239E-010
          10          45   3.2431559304554467E-014
          10          46   1.1964845752430789E-010
          10          47  -1.4586971147698863E-014
          10          48   1.1805508800778555E-014
          10          49   1.1974965403489122E-010
          10          50  -1.8714133992906931E-002
          10          51   1.7344946922399622E-002
          10          52  -8.3539064588442364E-003
          10          53   3.8855553674815621E-002
          10          54  -1.4644441572240496     
          10          55  -8.6519528146307044E-014
          10          56  -1.4644441572241869     
          10          57  -8.3539064586725942E-003
          10          58   1.7344946922610523E-002
          10          59  -3.2745277490968352     
          10          60   1.0193438434008040E-002
          10          61  -9.5143124667560024E-003
          10          62   4.5824110456700890E-003
          10          63  -2.1164307916825668E-002
          10          64  -1.3369367255709057     
          10          65   2.4569921216872143E-014
          10          66  -1.3369367255708098     
          10          67   4.5824110455921800E-003
          10          68  -9.5143124666580339E-003
          10          69  -2.9891235369617131     
          11           1   3.9228655581970153E-011
          11           2   8.6294903309738763E-011
          11           3   3.5316682899601571E-010
          11           4  -4.2230069917102971E-011
          11           5   1.3336944066392071E-010
          11           6   1.9895784748849028E-009
          11           7  -3.3141309944535037E-009
          11           8   3.3847602486294699     
          11           9   2.9169372049683167E-003
          11          10   2.1860030254238351E-003
          11          11   52.295970805895308     
          11          12  -1.9249059775432848E-003
          11          13  -1.4425577215080626E-003
          11          14   66.145908094660712     
          11          15  -2.8007306369892482E-003
          11          16  -2.0989158225478101E-003
          11          17   45.184853075554969     
          11          18   2.0021180427940355E-003
          11          19   1.5004217782075586E-003
          11          20   4.3577915461936083     
          11          21   1.1412118610054981E-002
          11          22   8.5524384124292321E-003
          11          23  -5.8790524405898799     
          11          24  -3.4126085621862591E-003
          11          25  -2.5574676842847503E-003
          11          26  -1.7978450005793778E-010
          11          27   1.3254986801808115E-013
          11          28  -1.7896582166910266E-010
          11          29   7.4802924224718323E-013
          11          30   1.0143548369891630E-013
          11          31  -1.8089004089667708E-010
          11          32   5.0189944699819410E-011
          11          33  -5.4910523801655546E-013
          11          34   5.0718953674074784E-011
          11          35  -4.8942812878629818E-013
          11          36   4.3591671091434303E-013
          11          37   5.0659866517440437E-011
          11          38  -5.6467453894111007E-012
          11          39   2.4359547931948334E-013
          11          40  -6.5328053355744617E-012
          11          41   8.3830799577919003E-014
          11          42  -6.5081980122363331E-013
          11          43  -4.7356148615431550E-012
          11          44   8.2450006730223915E-010
          11          45  -8.8403128361339542E-014
          11          46   8.2505326289898743E-010
          11          47   4.1944570314847472E-013
          11          48  -3.4615260023292837E-013
          11          49   8.2360855816339166E-010
          11          50  -51.028588466692582     
          11          51   7.3561126324727735E-003
          11          52  -22.820780271067662     
          11          53   1.6478910573679794E-002
          11          54   5.5127976149310712E-003
          11          55  -5.0336142961989581E-013
          11          56   5.5127976154723231E-003
          11          57  -22.820780271067733     
          11          58   7.3561126327472710E-003
          11          59   1.2349579655544235E-002
          11          60  -45.913962954742999     
          11          61  -4.0350860935894220E-003
          11          62  -20.535238887873351     
          11          63  -8.9759301950553348E-003
          11          64  -3.0239630774757551E-003
          11          65   5.6517861071575302E-014
          11          66  -3.0239630766720838E-003
          11          67  -20.535238887874002     
          11          68  -4.0350860935279911E-003
          11          69  -6.7267168195419644E-003
          12           1   4.4642872373333498E-011
          12           2   8.9836276973541503E-011
          12           3   3.6558926097282989E-010
          12           4   8.0811070724896215E-011
          12           5   1.8418288675930101E-010
          12           6   2.0431684463866927E-009
          12           7  -4.0860000900859361E-009
          12           8   2.9169372052814256E-003
          12           9   3.3801088003590514     
          12          10  -4.5387276758137732E-003
          12          11  -1.9249059775432848E-003
          12          12   52.299040327087440     
          12          13   2.9951361341094074E-003
          12          14  -2.8007306409820291E-003
          12          15   66.150374235953393     
          12          16   4.3579113243655612E-003
          12          17   2.0021180450681521E-003
          12          18   45.181660429330137     
          12          19  -3.1152774215422105E-003
          12          20   1.1412118610303392E-002
          12          21   4.3395933898323316     
          12          22  -1.7757152426461021E-002
          12          23  -3.4126085622789180E-003
          12          24  -5.8736105777485266     
          12          25   5.3099877847880717E-003
