           1           1   29.415062232313304     
           1           2   96.756037671966283     
           1           3   145.32536290313365     
           1           4  -333.64283836505928     
           1           5   73.654491451128266     
           1           6  -49.116248604031988     
           1           7  -68.679502210723044     
           1           8   4.5606520000949428E-011
           1           9  -7.8745116741978952E-012
           1          10  -3.4118749865541316E-011
           1          11   1.6322951765604563E-009
           1          12  -5.9033796491575836E-010
           1          13  -6.3158532964469973E-010
           1          14   2.8892290271071434E-009
           1          15  -1.6674918017515446E-009
           1          16   3.3474570038232828E-009
           1          17   3.6521716565161183E-010
           1          18   6.3070003439694103E-010
           1          19  -5.8564921189070875E-009
           1          20  -4.9072207835974975E-010
           1          21  -5.4275858667548809E-011
           1          22   1.7903854095554798E-009
           1          23   9.1322182745737502E-012
           1          24   1.2892749857135406E-011
           1          25  -4.6756333507822733E-011
           1          26  -21.042538727638188     
           1          27  -1.6713356044712907E-011
           1          28  -21.042538727759784     
           1          29   4.1599588680633959E-011
           1          30   8.8686951788653018E-011
           1          31  -21.042538727820784     
           1          32   129.85661496920733     
           1          33   3.4930064183227046E-011
           1          34   129.85661496937536     
           1          35  -5.1644467845323439E-011
           1          36  -1.4238455720702208E-010
           1          37   129.85661496947569     
           1          38   72.843709535844994     
           1          39  -2.6379461046122233E-011
           1          40   72.843709535754968     
           1          41   2.7466372138629509E-011
           1          42   9.1419895038490061E-011
           1          43   72.843709535688404     
           1          44   42.921967527591605     
           1          45   6.4454554919849330E-012
           1          46   42.921967527596379     
           1          47  -1.8909175266528926E-012
           1          48  -1.6699631226960587E-011
           1          49   42.921967527610704     
           1          50  -1.2176298601708573E-009
           1          51   1.9278861472618832E-010
           1          52  -5.3810071250421557E-010
           1          53   4.3750548643963901E-010
           1          54   1.9331164366598682E-010
           1          55  -5.4344929257711693E-013
           1          56   1.9722143338152670E-010
           1          57  -5.4258762609592731E-010
           1          58   1.8966311068692482E-010
           1          59   4.3703333363617258E-010
           1          60  -1.3528943777744552E-009
           1          61   2.3107313211785202E-010
           1          62  -6.0616986740123946E-010
           1          63   5.1345878928590055E-010
           1          64   2.4761232609999740E-010
           1          65   1.2574118672809061E-012
           1          66   2.4348380281744028E-010
           1          67  -6.0373942109479735E-010
           1          68   2.2936865787641024E-010
           1          69   5.4744006303597596E-010
           2           1   96.756037671966283     
           2           2   318.29588706522827     
           2           3   477.62187040408526     
           2           4  -1098.3197886299697     
           2           5   241.09756878015776     
           2           6  -157.60400635301750     
           2           7  -223.43399731453931     
           2           8  -2.5551397948574091E-010
           2           9   1.7381762231742915E-010
           2          10  -2.4228947062571880E-011
           2          11  -5.8834062424764351E-010
           2          12   1.0052197631933363E-009
           2          13  -7.8550892104756268E-010
           2          14   9.1688971262175254E-010
           2          15  -1.2113850603956463E-009
           2          16   1.2845565445407954E-008
           2          17  -2.6982397361195523E-009
           2          18   4.0179532600730837E-009
           2          19  -1.8412749047084130E-008
           2          20   9.0046554383531036E-010
           2          21  -1.4178835430915777E-009
           2          22   5.3350938910883461E-009
           2          23  -2.9435978345948060E-011
           2          24   6.6902262227687974E-011
           2          25  -1.3660316585844169E-010
           2          26  -69.343236293251124     
           2          27  -2.3979636707744240E-011
           2          28  -69.343236293512632     
           2          29   8.6643943377449679E-011
           2          30   1.7101096458007664E-010
           2          31  -69.343236293644793     
           2          32   427.48799768113315     
           2          33   6.8827281559668474E-011
           2          34   427.48799768147944     
           2          35  -9.4701224520147340E-011
           2          36  -2.9154449822265552E-010
           2          37   427.48799768170659     
           2          38   237.74051182476609     
           2          39  -5.8659328675401766E-011
           2          40   237.74051182459505     
           2          41   4.5462729335335972E-011
           2          42   1.9461589619644167E-010
           2          43   237.74051182443768     
           2          44   139.81063920050588     
           2          45   1.8122106561529276E-011
           2          46   139.81063920050460     
           2          47   2.9847307622173264E-014
           2          48  -4.0787396296900039E-011
           2          49   139.81063920054447     
           2          50   4.1691964227695876E-010
           2          51  -3.3877774393438936E-010
           2          52   2.0647395655220866E-010
           2          53  -7.3539007809266298E-010
           2          54   2.0291758648974624E-010
           2          55  -2.0621677096961269E-012
           2          56   2.1583432822708479E-010
           2          57   1.9071970682896935E-010
           2          58  -3.4808548336481689E-010
           2          59   4.7221733132485357E-010
           2          60   5.2918640869003505E-010
           2          61  -3.5551571221983621E-010
           2          62   2.3233350753235638E-010
           2          63  -8.0619366930530580E-010
           2          64   3.4154048264883809E-010
           2          65   3.9905383846555649E-012
           2          66   3.2792656604816427E-010
           2          67   2.4175720854924844E-010
           2          68  -3.6184706640951013E-010
           2          69   7.4100679429425777E-010
           3           1   145.32536290313365     
           3           2   477.62187040408526     
           3           3   739.64218634876931     
           3           4  -1551.0610019724074     
           3           5   368.38298499991987     
           3           6  -380.89658339134894     
           3           7  -432.16160006303858     
           3           8  -1.7644187403169293E-009
           3           9   9.3199054144574641E-010
           3          10   2.7256299081558232E-010
           3          11   3.9156743146846412E-010
           3          12   7.8548149865718428E-010
           3          13  -1.4497481660662427E-009
           3          14   3.1586875785269183E-009
           3          15  -2.7484959353193603E-009
           3          16   1.8710430905437991E-008
           3          17  -3.2006121991508805E-009
           3          18   5.5891435044952773E-009
           3          19  -2.7714284465605544E-008
           3          20   8.1645173960676816E-010
           3          21  -1.7958718300731751E-009
           3          22   8.0883616332957820E-009
           3          23  -9.9289506910129806E-011
           3          24   1.0673548585566965E-010
           3          25  -1.8648480796463479E-010
           3          26  -100.46179724937340     
           3          27   4.1805412690094306E-011
           3          28  -100.46179724927789     
           3          29  -2.8784938358049975E-011
           3          30  -9.0727041600312188E-011
           3          31  -100.46179724925520     
           3          32   629.78315886296173     
           3          33   4.3049340999101950E-014
           3          34   629.78315886276278     
           3          35   7.8118668408081960E-011
           3          36   1.0089546937216277E-010
           3          37   629.78315886278438     
           3          38   393.21624191768876     
           3          39  -3.4046685911376846E-011
           3          40   393.21624191784622     
           3          41  -6.3919091214102889E-011
           3          42  -2.7406427143651404E-011
           3          43   393.21624191780381     
           3          44   258.94605969794145     
           3          45   1.1191386011011526E-011
           3          46   258.94605969789632     
           3          47   1.0833509851783963E-011
           3          48  -2.4049420128156496E-011
           3          49   258.94605969791991     
           3          50  -3.0778592742067388E-010
           3          51  -2.5770813324531872E-010
           3          52  -8.6909341506396405E-011
           3          53  -5.4830079355756884E-010
           3          54   3.9022283125774080E-010
           3          55   3.1784580461064526E-013
           3          56   4.0353654046448086E-010
           3          57  -9.6530285290393727E-011
           3          58  -2.8342385789699816E-010
           3          59   8.6039359561937687E-010
           3          60  -2.5577378566146257E-010
           3          61  -3.3106250228955969E-010
           3          62  -9.5798304424008916E-011
           3          63  -7.2749881864698660E-010
           3          64   6.4051903720354248E-010
           3          65   7.0621833361193871E-012
           3          66   6.1791240574799218E-010
           3          67  -1.0091600629775889E-010
           3          68  -3.2953412005778580E-010
           3          69   1.4320246124918608E-009
           4           1  -333.64283836505928     
           4           2  -1098.3197886299697     
           4           3  -1551.0610019724074     
           4           4   4257.2331764825894     
           4           5  -856.39509801293195     
           4           6  -11.596550059388804     
           4           7   390.21083216807654     
           4           8  -5.7766336297213059E-009
           4           9   2.6654409903686247E-009
           4          10   1.5279101394126707E-009
           4          11   2.6349777532370068E-009
           4          12  -3.9986411103523950E-009
           4          13   2.4854884301335823E-009
           4          14  -2.8483000061663835E-009
           4          15   3.6504104297007774E-009
           4          16  -4.5651764193424826E-008
           4          17   9.7354063304349803E-009
           4          18  -1.4551062108650359E-008
           4          19   6.5121258683813286E-008
           4          20  -3.3619858018719017E-009
           4          21   5.1722367516293036E-009
           4          22  -1.8700976550723586E-008
           4          23  -1.7019539684340457E-010
           4          24  -6.2053331323050320E-011
           4          25   4.9934421444141529E-010
           4          26   252.05138800045114     
           4          27   8.6071450454187287E-011
           4          28   252.05138800095048     
           4          29  -2.2954246671543919E-010
           4          30  -3.6600474376042670E-010
           4          31   252.05138800113554     
           4          32  -1521.0128242252365     
           4          33  -1.7540790521749661E-010
           4          34  -1521.0128242258193     
           4          35   1.6442025563164099E-010
           4          36   6.4853268104783226E-010
           4          37  -1521.0128242261894     
           4          38  -723.47159252251390     
           4          39   1.4763781624292757E-010
           4          40  -723.47159252231904     
           4          41  -4.9964763470325272E-011
           4          42  -4.4231657511625297E-010
           4          43  -723.47159252201550     
           4          44  -295.16079540666919     
           4          45  -7.4157851068338366E-011
           4          46  -295.16079540659587     
           4          47  -2.6620432668414708E-011
           4          48   1.0618702530599713E-010
           4          49  -295.16079540671990     
           4          50  -1.6883315074205431E-009
           4          51   1.2457284842787429E-009
           4          52  -7.7540608957264589E-010
           4          53   2.7254279852082888E-009
           4          54  -5.7954071221353202E-010
           4          55   1.1418891689519448E-011
           4          56  -6.5293389339233996E-010
           4          57  -6.9683642418641187E-010
           4          58   1.2644646097982073E-009
           4          59  -1.4289286662010082E-009
           4          60  -2.0764625369936541E-009
           4          61   1.4194171390307339E-009
           4          62  -8.2025984800804587E-010
           4          63   3.3231998421863256E-009
           4          64  -1.2511611207481887E-009
           4          65  -1.5325813997644701E-011
           4          66  -1.2170748771746182E-009
           4          67  -8.8294520563144484E-010
           4          68   1.4631235507297895E-009
           4          69  -2.6501858055054385E-009
           5           1   73.654491451128266     
           5           2   241.09756878015776     
           5           3   368.38298499991987     
           5           4  -856.39509801293195     
           5           5   232.70118768395858     
           5           6  -211.81010618233086     
           5           7  -223.79405173651327     
           5           8  -1.7186844056045987E-010
           5           9   1.4390715023270187E-010
           5          10  -1.2668304832216776E-011
           5          11  -3.5628854560833452E-010
           5          12   9.7916221787600587E-010
           5          13  -7.0735518426378059E-010
           5          14   1.0913543377075883E-009
           5          15  -8.1208836629560523E-010
           5          16   1.0189023334619813E-008
           5          17  -1.9677406378699922E-009
           5          18   3.3189537043743643E-009
           5          19  -1.4928944206988958E-008
           5          20   6.5331980526838830E-010
           5          21  -1.1884791222973819E-009
           5          22   4.3891892058382693E-009
           5          23  -4.5686008057861215E-011
           5          24   4.9057792621367428E-011
           5          25  -1.3684063036402759E-010
           5          26  -49.267638997555508     
           5          27   4.7340573358155197E-011
           5          28  -49.267638997155188     
           5          29  -1.1577877084574119E-010
           5          30  -2.4074355974681969E-010
           5          31  -49.267638997026978     
           5          32   317.20412350762564     
           5          33  -5.4765457064690703E-011
           5          34   317.20412350701565     
           5          35   1.8546296734762210E-010
           5          36   4.4243763559542036E-010
           5          37   317.20412350687866     
           5          38   243.35028197083511     
           5          39   2.6417672358686992E-012
           5          40   243.35028197118396     
           5          41  -1.2885583195115070E-010
           5          42  -2.4965070094472151E-010
           5          43   243.35028197125206     
           5          44   139.00445539901881     
           5          45  -1.2713409910204230E-011
           5          46   139.00445539898379     
           5          47   6.2121153632671435E-012
           5          48   6.9439642355581550E-012
           5          49   139.00445539895915     
           5          50   1.0538786834595250E-010
           5          51  -2.9316571773132192E-010
           5          52   1.0398920318357165E-010
           5          53  -6.7694250287771494E-010
           5          54   2.2602664146244733E-010
           5          55   8.7363858583832394E-012
           5          56   2.3696662812868035E-010
           5          57   1.2836223924640099E-010
           5          58  -3.3699483109725498E-010
           5          59   4.1756662534046056E-010
           5          60   1.8289337611468638E-010
           5          61  -3.5130202222460172E-010
           5          62   9.7516633625806883E-011
           5          63  -7.7312095285450590E-010
           5          64   2.9568537236524148E-010
           5          65   8.9416430162951337E-012
           5          66   2.8812951670228805E-010
           5          67   5.1940714416779749E-011
           5          68  -3.3012489477574449E-010
           5          69   7.2316994386317390E-010
           6           1  -49.116248604031988     
           6           2  -157.60400635301750     
           6           3  -380.89658339134894     
           6           4  -11.596550059388804     
           6           5  -211.81010618233086     
           6           6   1040.6605116325022     
           6           7   748.61426419992586     
           6           8   8.7345176973446959E-009
           6           9  -4.3620983423461312E-009
           6          10  -1.9033164601613101E-009
           6          11  -2.3886218284494140E-009
           6          12   3.4772901414019761E-010
           6          13   1.1620363299966212E-009
           6          14  -4.2320314597361751E-009
           6          15   1.6877784114307190E-009
           6          16  -5.1611878043186514E-009
           6          17  -4.8789693528999302E-010
           6          18  -1.5564068622261028E-009
           6          19   9.8152423867156746E-009
           6          20   6.6549126657876673E-010
           6          21   2.6622592256914677E-010
           6          22  -3.1508162715896569E-009
           6          23   4.1052458488937219E-010
           6          24  -1.7074618797458084E-010
           6          25   4.8522764547686174E-011
           6          26   9.3791985678724572     
           6          27  -1.6972750059120206E-010
           6          28   9.3791985671345053     
           6          29   2.8162547465688610E-010
           6          30   3.2831032278518098E-010
           6          31   9.3791985669588023     
           6          32  -134.68365467732116     
           6          33   1.7120668003506586E-010
           6          34  -134.68365467626398     
           6          35  -3.2642856697421971E-010
           6          36  -7.1810818476833545E-010
           6          37  -134.68365467610741     
           6          38  -403.01344698643373     
           6          39  -2.8525893742491543E-011
           6          40  -403.01344698693731     
           6          41   2.1131881394301615E-010
           6          42   3.9952387404772225E-010
           6          43  -403.01344698703690     
           6          44  -398.61931483971568     
           6          45   7.3825600094508731E-011
           6          46  -398.61931483973177     
           6          47   2.3668764277278891E-011
           6          48  -3.7095635614495023E-012
           6          49  -398.61931483962940     
           6          50   1.8864320906226148E-009
           6          51  -1.4608530283733394E-010
           6          52   6.6564939361413154E-010
           6          53  -2.6495150438176669E-010
           6          54  -4.3640182816296002E-010
           6          55  -3.0294701311251100E-011
           6          56  -4.0766542831569206E-010
           6          57   5.5113026608782582E-010
           6          58  -3.2257714259865690E-011
           6          59  -6.3923163608555215E-010
           6          60   1.9741303320712984E-009
           6          61   7.5762809251799522E-011
           6          62   7.1449395132487130E-010
           6          63  -2.3898446445493645E-011
           6          64  -4.2723500928279234E-010
           6          65  -1.4660917714556958E-011
           6          66  -4.1035697462155472E-010
           6          67   8.8085948960757818E-010
           6          68  -1.4597007000321768E-011
           6          69  -1.2314803069177378E-009
           7           1  -68.679502210723044     
           7           2  -223.43399731453931     
           7           3  -432.16160006303858     
           7           4   390.21083216807654     
           7           5  -223.79405173651327     
           7           6   748.61426419992586     
           7           7   580.75959848546074     
           7           8   5.9783780811901308E-009
           7           9  -2.9593052833947975E-009
           7          10  -1.2543883790015070E-009
           7          11  -2.0239191485963178E-009
           7          12   8.7570111325223808E-010
           7          13   1.3404335254217550E-009
           7          14  -4.0872074570919037E-009
           7          15   3.2372521185951099E-009
           7          16  -7.9236876533075768E-009
           7          17   2.3173608176370673E-010
           7          18  -1.6842910414803634E-009
           7          19   1.3282937991538277E-008
           7          20   3.7861277800115318E-010
           7          21   3.1229939184191871E-010
           7          22  -4.1897518249170128E-009
           7          23   2.8611366082474981E-010
           7          24  -1.8090039430321580E-010
           7          25   1.2438037656636625E-010
           7          26   32.277317376354901     
           7          27  -2.6626918401560285E-010
           7          28   32.277317374491467     
           7          29   5.9491972607278425E-010
           7          30   1.3823105422650657E-009
           7          31   32.277317373733496     
           7          32  -248.93176992924447     
           7          33   3.2732548487325762E-010
           7          34  -248.93176992648108     
           7          35  -8.3692440769664108E-010
           7          36  -2.1805468965843025E-009
           7          37  -248.93176992543067     
           7          38  -350.12692487749177     
           7          39  -1.4241325711258299E-010
           7          40  -350.12692487908134     
           7          41   5.1515102245274791E-010
           7          42   1.2794835159693341E-009
           7          43  -350.12692487970708     
           7          44  -316.20827472926703     
           7          45   5.8914314586339457E-011
           7          46  -316.20827472910264     
           7          47  -3.6857853341489086E-011
           7          48  -1.3007416650180672E-010
           7          49  -316.20827472897287     
           7          50   1.5464050556680460E-009
           7          51  -2.5246685582717597E-010
           7          52   5.7032982523249046E-010
           7          53  -5.3636402681594386E-010
           7          54  -4.9715185890261009E-010
           7          55  -1.8119998846920027E-011
           7          56  -4.8219773216141205E-010
           7          57   5.0431954199196402E-010
           7          58  -1.7782824831473841E-010
           7          59  -9.0720457273535913E-010
           7          60   1.6836422442776291E-009
           7          61  -3.3572132354543367E-010
           7          62   6.4347350070745773E-010
           7          63  -8.7352183089873006E-010
           7          64  -3.9137492629648177E-010
           7          65  -1.0442952868740504E-011
           7          66  -3.7449280629701739E-010
           7          67   7.4430184305638390E-010
           7          68  -3.9047397779396674E-010
           7          69  -1.0418975224102157E-009
           8           1   4.5606520000949428E-011
           8           2  -2.5551397948574091E-010
           8           3  -1.7644187403169293E-009
           8           4  -5.7766336297213059E-009
           8           5  -1.7186844056045987E-010
           8           6   8.7345176973446959E-009
           8           7   5.9783780811901308E-009
           8           8  0.62838675949933009     
           8           9  -4.9125463434817446E-004
           8          10  -5.3522993513882089E-004
           8          11   8.7952618692537641     
           8          12  -3.6149758683812396E-003
           8          13  -3.9385751652886991E-003
           8          14   12.628072535559745     
           8          15   1.7063179331743101E-003
           8          16   1.8590611971133581E-003
           8          17   5.7269982630936003     
           8          18   2.4587878273084436E-003
           8          19   2.6788894231922177E-003
           8          20  -3.7201328257248791     
           8          21   2.7749049682283325E-003
           8          22   3.0233042146274296E-003
           8          23   9.8925100735634597E-002
           8          24  -1.5408931601283878E-003
           8          25  -1.6788282239838851E-003
           8          26  -1.7028977556901772E-010
           8          27   2.4821284147269895E-012
           8          28  -1.5735102655404158E-010
           8          29  -4.5976273491652271E-012
           8          30  -8.0404232967444280E-012
           8          31  -1.4389595348618463E-010
           8          32   4.3142491487794228E-010
           8          33  -2.4488364258875634E-012
           8          34   4.1143736899162966E-010
           8          35   4.6006586317151067E-012
           8          36   1.5399131759838936E-011
           8          37   3.9537789314254889E-010
           8          38  -2.0085787671508965E-009
           8          39   1.0598956483746334E-012
           8          40  -2.0018238502525122E-009
           8          41  -2.0602971803634318E-012
           8          42  -1.2698957397829692E-011
           8          43  -1.9902996685708929E-009
           8          44  -3.0125822429535055E-009
           8          45  -3.5284980675373593E-012
           8          46  -3.0094638032557800E-009
           8          47   7.6502889755536321E-014
           8          48   1.9040186136067509E-012
           8          49  -3.0096657841113422E-009
           8          50  -6.5445742057894041     
           8          51   2.7291834682987414E-003
           8          52  -2.9268307790704404     
           8          53   6.1209746204616833E-003
           8          54   2.9734898963964928E-003
           8          55  -1.7662419305870312E-012
           8          56   2.9734898980370416E-003
           8          57  -2.9268307790718278     
           8          58   2.7291834690521526E-003
           8          59   6.6689016604605782E-003
           8          60  -7.2905564497448978     
           8          61  -2.8586136446820953E-003
           8          62  -3.2606298811579633     
           8          63  -6.3704524612832290E-003
           8          64  -3.1145061755620601E-003
           8          65   6.0214839064861140E-013
           8          66  -3.1145061758975261E-003
           8          67  -3.2606298811597956     
           8          68  -2.8586136455907227E-003
           8          69  -6.9407118200858972E-003
           9           1  -7.8745116741978952E-012
           9           2   1.7381762231742915E-010
           9           3   9.3199054144574641E-010
           9           4   2.6654409903686247E-009
           9           5   1.4390715023270187E-010
           9           6  -4.3620983423461312E-009
           9           7  -2.9593052833947975E-009
           9           8  -4.9125463434817446E-004
           9           9  0.62641772588289879     
           9          10  -2.2714143632859385E-003
           9          11  -3.6149758817003823E-003
           9          12   8.7807724201623056     
           9          13  -1.6714566209695844E-002
           9          14   1.7063179288045877E-003
           9          15   12.634911753160532     
           9          16   7.8895032271492777E-003
           9          17   2.4587878215621981E-003
           9          18   5.7368535103047087     
           9          19   1.1368698768653412E-002
           9          20   2.7749049603347561E-003
           9          21  -3.7090105262697204     
           9          22   1.2830329825764786E-002
           9          23  -1.5408931538950709E-003
           9          24   9.2748934227468799E-002
           9          25  -7.1246286498355613E-003
           9          26   5.6859389704128812E-011
           9          27   1.6904540060738487E-013
           9          28   7.3127967126256784E-011
           9          29  -2.4849067012675891E-012
           9          30  -1.8630270618578190E-012
           9          31   8.1383710943374483E-011
           9          32  -1.2594449635304623E-010
           9          33  -3.4110991741616514E-012
           9          34  -1.4829762957617957E-010
           9          35   5.4607592050345623E-012
           9          36   7.7006851715589485E-013
           9          37  -1.5546832753440006E-010
           9          38   1.0248421650606286E-009
           9          39   3.8603658296527638E-012
           9          40   1.0533158759208908E-009
           9          41  -4.0702965987244748E-012
           9          42   6.7674106112623339E-012
           9          43   1.0478172946970911E-009
           9          44   1.5143931317490352E-009
           9          45   7.8387853258066963E-012
           9          46   1.5006818158395494E-009
           9          47  -1.5367807186487653E-013
           9          48  -1.5641092449609913E-012
           9          49   1.5040019370995827E-009
           9          50   6.1209746317132351E-003
           9          51  -2.9158917392710739     
           9          52   2.7291834771359033E-003
           9          53  -6.5200402799144985     
           9          54   1.2618927307349675E-002
           9          55   1.9119889921272872E-012
           9          56   1.2618927304627858E-002
           9          57   2.7291834902764961E-003
           9          58  -2.9158917392760193     
           9          59   2.8301554185447338E-002
           9          60  -6.3704524535476321E-003
           9          61  -3.2720876994717871     
           9          62  -2.8586136447615283E-003
           9          63  -7.3160903259193564     
           9          64  -1.3217373661961993E-002
           9          65   3.8804388872478373E-013
           9          66  -1.3217373663350844E-002
           9          67  -2.8586136482459858E-003
           9          68  -3.2720876994724906     
           9          69  -2.9455064952184369E-002
          10           1  -3.4118749865541316E-011
          10           2  -2.4228947062571880E-011
          10           3   2.7256299081558232E-010
          10           4   1.5279101394126707E-009
          10           5  -1.2668304832216776E-011
          10           6  -1.9033164601613101E-009
          10           7  -1.2543883790015070E-009
          10           8  -5.3522993513882089E-004
          10           9  -2.2714143632859385E-003
          10          10  0.62602777444075708     
          10          11  -3.9385751558597623E-003
          10          12  -1.6714566217104227E-002
          10          13   8.7779029000432942     
          10          14   1.8590611989805833E-003
          10          15   7.8895032266672101E-003
          10          16   12.636266205801761     
          10          17   2.6788894236830577E-003
          10          18   1.1368698763372261E-002
          10          19   5.7388052636147009     
          10          20   3.0233042036404683E-003
          10          21   1.2830329836770224E-002
          10          22  -3.7068078433392202     
          10          23  -1.6788282189237735E-003
          10          24  -7.1246286555857316E-003
          10          25   9.1525793580791048E-002
          10          26   4.4167525246399876E-011
          10          27   9.9993199835945902E-013
          10          28   5.6219281253260938E-011
          10          29  -2.5090166250567417E-012
          10          30  -1.4607383064372598E-011
          10          31   5.1481430822426209E-011
          10          32  -1.8661716538796457E-010
          10          33  -6.3473455164637504E-013
          10          34  -1.9724707963659307E-010
          10          35   6.2828201266928794E-012
          10          36   1.6789681887041552E-011
          10          37  -2.0667350116429709E-010
          10          38   3.9314718730375643E-010
          10          39  -8.3109639847260828E-013
          10          40   3.9085426920342341E-010
          10          41  -4.6122507956650133E-012
          10          42  -1.1104312790787852E-011
          10          43   4.0507322911107929E-010
          10          44   6.2743885955672874E-010
          10          45  -2.2999112602381703E-012
          10          46   6.3148287428980037E-010
          10          47   1.8887759434071941E-012
          10          48   1.8717919176071399E-012
          10          49   6.2268976857977520E-010
          10          50   6.6689016547515148E-003
          10          51   1.2618927314336514E-002
          10          52   2.9734898906531079E-003
          10          53   2.8301554181328320E-002
          10          54  -2.9137253494643343     
          10          55   1.3593494793694103E-012
          10          56  -2.9137253494644169     
          10          57   2.9734898777276000E-003
          10          58   1.2618927319339305E-002
          10          59  -6.5151815310797527     
          10          60  -6.9407118146900884E-003
          10          61  -1.3217373670773420E-002
          10          62  -3.1145061740365798E-003
          10          63  -2.9455064945686497E-002
          10          64  -3.2743568292453995     
          10          65  -2.2521029153089197E-012
          10          66  -3.2743568292430769     
          10          67  -3.1145061655575750E-003
          10          68  -1.3217373668727170E-002
          10          69  -7.3211471069651353     
          11           1   1.6322951765604563E-009
          11           2  -5.8834062424764351E-010
          11           3   3.9156743146846412E-010
          11           4   2.6349777532370068E-009
          11           5  -3.5628854560833452E-010
          11           6  -2.3886218284494140E-009
          11           7  -2.0239191485963178E-009
          11           8   8.7952618692537641     
          11           9  -3.6149758817003823E-003
          11          10  -3.9385751558597623E-003
          11          11   123.30590500435342     
          11          12  -2.6601378785862023E-002
          11          13  -2.8982635844641842E-002
          11          14   177.46831427390472     
          11          15   1.2556213540976191E-002
          11          16   1.3680199417397957E-002
          11          17   80.588799760576137     
          11          18   1.8093383816239580E-002
          11          19   1.9713036654761859E-002
          11          20  -52.077392874774731     
          11          21   2.0419582530171725E-002
          11          22   2.2247468056336268E-002
          11          23   1.2937849514517312     
          11          24  -1.1338909026659433E-002
          11          25  -1.2353926249782921E-002
          11          26   1.5501078967838442E-010
          11          27   3.0192448248583848E-012
          11          28   4.0861536178198546E-011
          11          29   1.9550826284196729E-011
          11          30   7.9166799968387442E-011
          11          31   7.7347359887620881E-011
          11          32  -3.7781190242973903E-010
          11          33   1.3412364075881517E-011
          11          34  -2.5520598354834258E-010
          11          35  -6.2007664017299613E-011
          11          36  -6.4010089692475891E-011
          11          37  -2.2987186071204970E-010
          11          38   3.3600710058655451E-010
          11          39  -1.2732533794492567E-011
          11          40   2.0911566809450012E-010
          11          41   4.7869568641103582E-011
          11          42  -8.5241328581152165E-012
          11          43   2.0913145210284369E-010
          11          44   8.4414368053976637E-010
          11          45  -4.2920411786052039E-011
          11          46   9.0825704103088312E-010
          11          47  -1.0249423085666188E-011
          11          48   3.8551675944399600E-012
          11          49   9.3463699722234846E-010
          11          50  -91.539272186850852     
          11          51   2.0083133525515648E-002
          11          52  -40.938231322263746     
          11          53   4.5042171800790926E-002
          11          54   2.1880901400907100E-002
          11          55  -2.6432334765380388E-011
          11          56   2.1880901423785300E-002
          11          57  -40.938231322269388     
          11          58   2.0083133528973021E-002
          11          59   4.9074180413119894E-002
          11          60  -102.79187182210580     
          11          61  -2.1035566125220048E-002
          11          62  -45.973245720424316     
          11          63  -4.6877994282920610E-002
          11          64  -2.2918592264233019E-002
          11          65   1.1172870995072929E-011
          11          66  -2.2918592270901580E-002
          11          67  -45.973245720459943     
          11          68  -2.1035566139811973E-002
          11          69  -5.1074338996679930E-002
          12           1  -5.9033796491575836E-010
          12           2   1.0052197631933363E-009
          12           3   7.8548149865718428E-010
          12           4  -3.9986411103523950E-009
          12           5   9.7916221787600587E-010
          12           6   3.4772901414019761E-010
          12           7   8.7570111325223808E-010
          12           8  -3.6149758683812396E-003
          12           9   8.7807724201623056     
          12          10  -1.6714566217104227E-002
          12          11  -2.6601378785862023E-002
          12          12   123.19928207361150     
          12          13 -0.12299681122535719     
          12          14   1.2556213594009435E-002
          12          15   177.51864175160290     
          12          16   5.8056172515202425E-002
          12          17   1.8093383753943364E-002
          12          18   80.661321174933221     
          12          19   8.3658389872014904E-002
          12          20   2.0419582306330945E-002
          12          21  -51.995547653735343     
          12          22   9.4414035952240710E-002
          12          23  -1.1338908905586462E-002
          12          24   1.2483366414854062     
          12          25  -5.2427720449404684E-002
