           1           1   1.1209324281045698     
           1           2   12.855690252471726     
           1           3   10.911377683169581     
           1           4   10.775577389507172     
           1           5  -12.075722431081893     
           1           6   8.6996221821826385     
           1           7  -1.8867451920335814     
           1           8   1.7547809670816630E-012
           1           9   5.0913822374509125E-013
           1          10  -1.6318245541311022E-012
           1          11   9.6447840840993954E-012
           1          12   4.2271481563989726E-012
           1          13  -1.0715817054451772E-011
           1          14   3.7590778708049618E-012
           1          15   3.6043287947718182E-011
           1          16  -2.2706042878620856E-011
           1          17   8.0000841655412664E-012
           1          18  -4.4838907849682555E-011
           1          19   1.4524801972944100E-011
           1          20  -9.4067676933028127E-012
           1          21   1.7719636540937932E-011
           1          22   8.4364089603545726E-013
           1          23   2.2848138876074782E-012
           1          24  -2.8927372412394078E-013
           1          25  -2.4959516976158036E-012
           1          26  -4.6203571624581077     
           1          27  -4.8419677791724716E-013
           1          28  -4.6203571624568855     
           1          29  -4.8120654627203608E-013
           1          30   1.5937286484706697E-013
           1          31  -4.6203571624562407     
           1          32  -9.4136518160115550     
           1          33   1.0231705726828840E-012
           1          34  -9.4136518160127540     
           1          35  -4.4564624895630055E-013
           1          36  -6.2199074021042699E-013
           1          37  -9.4136518160141414     
           1          38   7.0862977495396828E-002
           1          39   1.7168072307730577E-012
           1          40   7.0862977492877122E-002
           1          41  -5.2584581539035690E-014
           1          42  -8.0848663459788196E-013
           1          43   7.0862977491126744E-002
           1          44  -4.5037167435942784     
           1          45  -6.9838695495880991E-013
           1          46  -4.5037167435934800     
           1          47  -1.4697038231687462E-013
           1          48   4.3283069254076295E-013
           1          49  -4.5037167435927925     
           1          50  -5.2794154999684891E-012
           1          51  -1.1973990513853126E-012
           1          52  -2.2978548769051512E-012
           1          53  -2.5566779238093381E-012
           1          54   2.2120568804849732E-012
           1          55   3.1016216358173474E-013
           1          56   2.7360781528618667E-012
           1          57  -2.5386952505078838E-012
           1          58  -1.4760152079562636E-012
           1          59   5.6049092864497547E-012
           1          60  -2.6643662055755339E-012
           1          61  -1.3581895572042569E-012
           1          62  -1.5102581985724887E-012
           1          63  -3.5434091455349134E-012
           1          64   2.8113714438619099E-012
           1          65  -1.9866427678919987E-013
           1          66   2.1962647107065497E-012
           1          67  -1.2811291827688758E-012
           1          68  -1.5727377642449158E-012
           1          69   5.6132438577306796E-012
           2           1   12.855690252471726     
           2           2   151.55978845473697     
           2           3   132.34808241529436     
           2           4   154.32211479061206     
           2           5  -123.71013559630327     
           2           6   78.288060939729164     
           2           7  -13.180540698313871     
           2           8   1.9926154025777326E-013
           2           9   8.2015552895454623E-012
           2          10  -7.7856329290802379E-012
           2          11   1.6039196017226658E-011
           2          12   6.0656696927071634E-011
           2          13  -6.7273823675398768E-011
           2          14  -8.7206785248714509E-012
           2          15   4.3048914783402365E-010
           2          16  -1.9431022827616262E-010
           2          17   5.4311133824805899E-012
           2          18  -5.2696165218750634E-010
           2          19   1.5555795685773924E-010
           2          20  -4.5787347179137902E-012
           2          21   2.0357242602840959E-010
           2          22  -1.6167034762380664E-011
           2          23   1.9057772813822776E-012
           2          24  -1.7772678964059658E-012
           2          25  -1.9104285291045381E-011
           2          26  -57.601418174123857     
           2          27  -6.8949939981431505E-012
           2          28  -57.601418174112588     
           2          29   1.8196727010124606E-012
           2          30   2.3591370113747063E-012
           2          31  -57.601418174104083     
           2          32  -107.26688862520810     
           2          33   7.4328592699395860E-012
           2          34  -107.26688862522752     
           2          35   2.5154683562721178E-012
           2          36  -2.7698833898044208E-012
           2          37  -107.26688862523655     
           2          38   10.005654321704730     
           2          39   1.6681416962262041E-011
           2          40   10.005654321671543     
           2          41   1.3331103608128484E-012
           2          42  -4.9757983396975330E-012
           2          43   10.005654321660167     
           2          44  -35.851128151110089     
           2          45  -6.8646596362090786E-012
           2          46  -35.851128151099388     
           2          47  -1.3668544261049111E-012
           2          48   3.3909789752851576E-012
           2          49  -35.851128151096333     
           2          50  -1.2786745294738193E-011
           2          51  -1.9033054154184783E-011
           2          52  -6.0361327122684654E-012
           2          53  -3.5961147742637165E-011
           2          54   1.1884458553901908E-011
           2          55   4.2103431705578327E-012
           2          56   1.8945902442902931E-011
           2          57  -8.2972904576359429E-012
           2          58  -2.0165147250647732E-011
           2          59   3.3724631014671443E-011
           2          60   1.0403992773708270E-011
           2          61  -1.5702240031164613E-011
           2          62   1.5379259063654242E-012
           2          63  -4.3569412220573094E-011
           2          64   2.2029128316665649E-011
           2          65  -2.5421106523599074E-012
           2          66   1.4239673989936107E-011
           2          67   3.6889884189389665E-012
           2          68  -1.9065644148828066E-011
           2          69   4.0298129710909700E-011
           3           1   10.911377683169581     
           3           2   132.34808241529436     
           3           3   145.71315532517281     
           3           4   256.39632840858513     
           3           5  -15.075536010127793     
           3           6   88.643358429222758     
           3           7  -9.4453968351824127     
           3           8   1.0979312571458136E-012
           3           9   9.2322149871004648E-012
           3          10  -3.4594064517201367E-012
           3          11   2.2006228566065171E-011
           3          12   6.7058785695666794E-011
           3          13  -3.8307524781348984E-011
           3          14   1.1873669990934376E-011
           3          15   4.4823589270477818E-010
           3          16  -3.6949784289148231E-011
           3          17  -9.4979381212777369E-013
           3          18  -5.5080748616182113E-010
           3          19  -2.1749814320260980E-011
           3          20  -1.0747567594209648E-011
           3          21   2.1607372652668859E-010
           3          22   4.3122845289502632E-011
           3          23   4.6337378751272553E-012
           3          24  -4.6258672210869865E-012
           3          25  -1.5314726827608725E-011
           3          26  -81.539094020621746     
           3          27  -4.4341966387709775E-012
           3          28  -81.539094020610349     
           3          29   2.0336468280150738E-012
           3          30   2.7347265022217187E-012
           3          31  -81.539094020603599     
           3          32  -67.430782626506243     
           3          33   6.2540201652438548E-012
           3          34  -67.430782626521861     
           3          35   2.4091021454734891E-012
           3          36  -2.1953916416687303E-012
           3          37  -67.430782626531979     
           3          38   47.308944661827042     
           3          39   1.2898037020249465E-011
           3          40   47.308944661796531     
           3          41   9.0529923763350167E-013
           3          42  -5.0618024933892347E-012
           3          43   47.308944661784764     
           3          44   13.677959778937256     
           3          45  -5.0402878676154252E-012
           3          46   13.677959778949484     
           3          47  -1.1110412737411482E-012
           3          48   3.7785000639335211E-012
           3          49   13.677959778951822     
           3          50  -1.4525110817670436E-011
           3          51  -1.9066022125042473E-011
           3          52  -4.9227230246501074E-012
           3          53  -4.1887521193415320E-011
           3          54   5.6477096845994478E-012
           3          55   2.5996652838463041E-012
           3          56   9.4373604851053836E-012
           3          57  -8.1540132288555984E-012
           3          58  -2.1642772839560223E-011
           3          59   1.7079956485244476E-011
           3          60   3.7648095495917098E-012
           3          61  -1.8339692200475010E-011
           3          62  -3.2753434265073913E-012
           3          63  -4.3249991451991533E-011
           3          64   1.2399725028979223E-011
           3          65  -1.3745587231197827E-012
           3          66   7.2334881726851838E-012
           3          67   1.6705054455497413E-013
           3          68  -1.9712651298919209E-011
           3          69   2.1408861470176441E-011
           4           1   10.775577389507172     
           4           2   154.32211479061206     
           4           3   256.39632840858513     
           4           4   688.10424659927173     
           4           5   272.64040025934378     
           4           6   74.344244491504810     
           4           7   23.604875501154019     
           4           8  -2.4995345684375179E-012
           4           9   1.6532208460990562E-011
           4          10   1.0580423178917128E-011
           4          11   5.6432586203568734E-011
           4          12   1.1673646334559320E-010
           4          13   3.1582556994032621E-011
           4          14   1.1263356423539579E-010
           4          15   7.1281413557548140E-010
           4          16   4.1532346901476411E-010
           4          17  -1.3241612580786744E-010
           4          18  -8.6850929674599556E-010
           4          19  -5.4984394613487694E-010
           4          20   4.3382228531866390E-011
           4          21   3.4100195448760523E-010
           4          22   2.4041621453519504E-010
           4          23   5.8958731016466575E-012
           4          24  -1.1116821053277916E-011
           4          25  -1.7467355457017677E-011
           4          26  -182.38816187045248     
           4          27  -2.9613270777063511E-013
           4          28  -182.38816187043682     
           4          29   7.6084498211978056E-012
           4          30   7.8582219866988705E-013
           4          31  -182.38816187043616     
           4          32  -1.7591740854757825     
           4          33  -1.4087482984525616E-012
           4          34  -1.7591740854951772     
           4          35  -6.2469509211984910E-013
           4          36   4.7220240374420764E-012
           4          37  -1.7591740855010398     
           4          38   180.24882678853305     
           4          39   2.6998957326537723E-012
           4          40   180.24882678848846     
           4          41  -7.3921329176582930E-012
           4          42   3.2307175695577098E-012
           4          43   180.24882678849434     
           4          44   183.16683941656942     
           4          45   4.0300695931090196E-013
           4          46   183.16683941659397     
           4          47   2.3455418118238355E-012
           4          48   1.4713050273419158E-012
           4          49   183.16683941658042     
           4          50  -4.1401498691218505E-011
           4          51  -3.3149815868711832E-011
           4          52  -1.3272835006732798E-011
           4          53  -7.3475101746216520E-011
           4          54  -1.0773929270986004E-011
           4          55   2.1766513771486400E-012
           4          56  -9.3435193436549279E-012
           4          57  -1.8259430199399578E-011
           4          58  -3.3062553356624672E-011
           4          59  -2.5809775463066688E-011
           4          60   2.2843816946813847E-012
           4          61  -3.2086518491604601E-011
           4          62  -8.7605270577497141E-012
           4          63  -6.8739771098237640E-011
           4          64  -1.1935561415602465E-011
           4          65  -1.6763788010976661E-013
           4          66  -1.5673365495463687E-011
           4          67  -2.6782329889394935E-012
           4          68  -3.2543372267488180E-011
           4          69  -3.3625915184598522E-011
           5           1  -12.075722431081893     
           5           2  -123.71013559630327     
           5           3  -15.075536010127793     
           5           4   272.64040025934378     
           5           5   401.39632120149656     
           5           6  -52.445854731484815     
           5           7   33.933061740454008     
           5           8  -1.1039067330780546E-012
           5           9  -1.9671175074086048E-013
           5          10   1.9387688119597922E-011
           5          11   1.5817659496904771E-011
           5          12  -6.0964413835429552E-012
           5          13   1.2717995084171183E-010
           5          14   9.1274457691104496E-011
           5          15  -1.3819249437811340E-010
           5          16   6.1294371062558402E-010
           5          17  -8.9977481672377841E-011
           5          18   1.7076898263929795E-010
           5          19  -6.5568035147184999E-010
           5          20   2.8086521206301157E-011
           5          21  -6.0781688218011219E-011
           5          22   2.0546520157670735E-010
           5          23   2.6196886797420606E-012
           5          24  -6.0659032018536189E-012
           5          25   1.7577580079141934E-011
           5          26  -47.957174021200458     
           5          27   1.0926917137899758E-011
           5          28  -47.957174021204665     
           5          29   9.8549598603061512E-013
           5          30  -2.4624793973441249E-012
           5          31  -47.957174021218918     
           5          32   169.39711426911049     
           5          33  -1.1181951845949855E-011
           5          34   169.39711426912959     
           5          35  -5.5292074520390735E-012
           5          36   6.7302139530083021E-012
           5          37   169.39711426913419     
           5          38   119.22139303895804     
           5          39  -2.3033709039672324E-011
           5          40   119.22139303897868     
           5          41  -7.2531269562517500E-012
           5          42   8.3524717552277145E-012
           5          43   119.22139303899542     
           5          44   190.32933913008463     
           5          45   1.0596635572654980E-011
           5          46   190.32933913008577     
           5          47   3.4995342303605239E-012
           5          48  -3.3315724270607031E-012
           5          49   190.32933913007358     
           5          50  -9.0468018490731256E-012
           5          51   5.5931298095658332E-012
           5          52   1.1757889979562560E-012
           5          53  -7.8356606775647370E-013
           5          54  -2.6180509525678226E-011
           5          55  -5.4483741661282170E-012
           5          56  -3.7029572617652279E-011
           5          57   5.4419407128778179E-013
           5          58   6.0999361818196580E-012
           5          59  -7.1009262681248991E-011
           5          60  -1.6322441841219236E-011
           5          61  -3.4481579687711880E-014
           5          62  -1.0324478475645896E-011
           5          63   1.7503997250014931E-011
           5          64  -4.2971433739633563E-011
           5          65   4.1016771329022732E-012
           5          66  -3.2978967518901045E-011
           5          67  -8.6743049130286273E-012
           5          68   5.5755870998580719E-012
           5          69  -8.6392249331272883E-011
           6           1   8.6996221821826385     
           6           2   78.288060939729164     
           6           3   88.643358429222758     
           6           4   74.344244491504810     
           6           5  -52.445854731484815     
           6           6   243.70257386390503     
           6           7  -67.812375471694907     
           6           8   1.2253176086751991E-011
           6           9   6.1391965399542985E-012
           6          10  -1.5889922952395181E-011
           6          11  -4.2212841566737610E-012
           6          12   4.2077147511802662E-011
           6          13  -7.7711155321385437E-011
           6          14  -3.6743517758363233E-011
           6          15   2.9289738926854569E-010
           6          16  -1.9697368577146126E-010
           6          17   2.7624422047537310E-010
           6          18  -4.1626215058832335E-010
           6          19   1.1911676959014644E-010
           6          20  -2.1632313582261746E-010
           6          21   1.9202727440722313E-010
           6          22  -6.2036120936491363E-012
           6          23   3.2218543727917581E-011
           6          24  -1.3811411464365121E-011
           6          25  -6.6271291219986553E-012
           6          26  -55.835731142423874     
           6          27   9.3683721052988528E-013
           6          28  -55.835731142406750     
           6          29  -1.0171889978467630E-011
           6          30   1.1762239759367199E-011
           6          31  -55.835731142400647     
           6          32  -41.180605904718945     
           6          33   2.7085182604587678E-011
           6          34  -41.180605904708813     
           6          35   6.1945335973215754E-012
           6          36  -1.4773538959235614E-011
           6          37  -41.180605904755183     
           6          38 -0.20252770191666916     
           6          39   2.6799214600958867E-011
           6          40 -0.20252770192085859     
           6          41   1.5311937630187049E-011
           6          42  -2.6924256877201811E-011
           6          43 -0.20252770198861650     
           6          44  -71.174731313347465     
           6          45  -1.1063142002852049E-011
           6          46  -71.174731313345092     
           6          47  -7.7424368202780694E-012
           6          48   1.3709371060596415E-011
           6          49  -71.174731313309323     
           6          50   4.1904039294949404E-011
           6          51  -5.0281422276694489E-012
           6          52   2.3061369089744186E-011
           6          53  -4.0204582151506733E-011
           6          54   1.4771428776441388E-011
           6          55  -3.4109613050223864E-012
           6          56   8.4891922986495148E-012
           6          57   1.5856727413216907E-011
           6          58  -2.3313143088193276E-011
           6          59   3.9524352301899257E-011
           6          60  -6.5838361043339023E-011
           6          61  -1.1204653586438570E-011
           6          62  -3.7611478317217471E-011
           6          63  -6.4822226846597919E-012
           6          64   2.6397331433210673E-011
           6          65   1.4092173528336231E-012
           6          66   2.8709610028280253E-011
           6          67  -3.0187240371125604E-011
           6          68  -4.6184734299700002E-012
           6          69   6.3839737350914514E-011
           7           1  -1.8867451920335814     
           7           2  -13.180540698313871     
           7           3  -9.4453968351824127     
           7           4   23.604875501154019     
           7           5   33.933061740454008     
           7           6  -67.812375471694907     
           7           7   21.817587718024985     
           7           8  -3.8297051646088326E-012
           7           9  -8.2076414791064840E-013
           7          10   5.5204295459793819E-012
           7          11   4.9984405035873540E-012
           7          12  -5.0451159623691882E-012
           7          13   2.5337703776087200E-011
           7          14   1.8582259215577773E-011
           7          15  -3.9406567456947532E-011
           7          16   8.5164080339097105E-011
           7          17  -9.1189456262833492E-011
           7          18   6.7083204569066558E-011
           7          19  -7.3181826638178393E-011
           7          20   6.7335800322663565E-011
           7          21  -3.5402923559220134E-011
           7          22   1.9307728421838841E-011
           7          23  -9.1953833037834856E-012
           7          24   3.5572065171295630E-012
           7          25   4.6438141759321487E-013
           7          26   4.5361214828883769     
           7          27   1.6081798498877139E-013
           7          28   4.5361214828856218     
           7          29   3.6901326841367903E-012
           7          30  -3.4242324064224508E-012
           7          31   4.5361214828810184     
           7          32   12.252789975440876     
           7          33  -7.5243082638796731E-012
           7          34   12.252789975438475     
           7          35  -1.6765925888467766E-012
           7          36   4.7749413366504045E-012
           7          37   12.252789975447852     
           7          38   12.077808860125186     
           7          39  -7.5107651573279001E-012
           7          40   12.077808860124406     
           7          41  -4.9584579650519615E-012
           7          42   8.2767164344574175E-012
           7          43   12.077808860143055     
           7          44   33.483485476291072     
           7          45   3.2826552197070463E-012
           7          46   33.483485476291854     
           7          47   2.4510684781991282E-012
           7          48  -3.9986494314230298E-012
           7          49   33.483485476280585     
           7          50  -1.5889219550037704E-011
           7          51  -8.2860922657560862E-014
           7          52  -7.2801637273123863E-012
           7          53   6.9648632324244433E-012
           7          54  -5.3276228806377071E-012
           7          55   1.1596339675958731E-012
           7          56  -3.3633173601562059E-012
           7          57  -5.4614992563786434E-012
           7          58   5.3793673550202634E-012
           7          59  -1.4112781318776048E-011
           7          60   1.9856346288141630E-011
           7          61   8.2888294726460942E-013
           7          62   1.0495484205864501E-011
           7          63  -3.1390273964992472E-012
           7          64  -8.1696705788944122E-012
           7          65  -4.2966060303423258E-013
           7          66  -9.1028665292802339E-012
           7          67   8.6844851692240122E-012
           7          68  -1.1640355762415797E-012
           7          69  -2.0126820236861306E-011
           8           1   1.7547809670816630E-012
           8           2   1.9926154025777326E-013
           8           3   1.0979312571458136E-012
           8           4  -2.4995345684375179E-012
           8           5  -1.1039067330780546E-012
           8           6   1.2253176086751991E-011
           8           7  -3.8297051646088326E-012
           8           8  0.59245551127836615     
           8           9   3.5812949544576011E-006
           8          10   3.3499064364010646E-007
           8          11   2.8585524753284277     
           8          12   1.1996397283554271E-006
           8          13   1.1221299418753237E-007
           8          14  0.55352824294172032     
           8          15  -3.0881314834866522E-005
           8          16  -2.8886072787810301E-006
           8          17  0.70136881317491051     
           8          18   2.6705038000140614E-005
           8          19   2.4979619235467594E-006
           8          20  -1.0466782490154947     
           8          21  -7.7678034448725953E-006
           8          22  -7.2659191972341587E-007
           8          23  0.30564548403825748     
           8          24  -1.6395169142610364E-006
           8          25  -1.5335892697805300E-007
           8          26  -1.5360729636802884E-012
           8          27  -4.3492367610934162E-013
           8          28  -1.4038412829705510E-012
           8          29  -1.2097557274689597E-013
           8          30   8.6527243223280020E-014
           8          31  -7.8284519272564636E-013
           8          32   5.1579863163618692E-013
           8          33  -7.1516974507297040E-013
           8          34  -2.8723358462609868E-014
           8          35  -4.8434396365450832E-015
           8          36  -3.4615620515766942E-014
           8          37   1.7457080952941690E-013
           8          38  -5.6220426242097134E-013
           8          39  -4.1003844683356186E-013
           8          40  -1.2641870586894326E-012
           8          41  -7.1662823718675080E-015
           8          42  -2.9302012009226696E-014
           8          43  -1.2581693482224132E-012
           8          44  -4.4674929574641568E-012
           8          45   7.6061349417568459E-014
           8          46  -3.9021339598504415E-012
           8          47   1.4424645725816243E-014
           8          48  -9.6373992458114447E-014
           8          49  -4.1673252638446260E-012
           8          50  -2.0173033090774379     
           8          51   1.3830249855793827E-003
           8          52 -0.90034094576999069     
           8          53  -2.0601882259338737E-003
           8          54   1.2936738160587870E-004
           8          55   2.3194423143383035E-011
           8          56   1.2936606682582087E-004
           8          57 -0.90034094619618021     
           8          58   1.3830243905469644E-003
           8          59  -1.9270791372140536E-004
           8          60   3.0669107254322574E-002
           8          61  -3.0239523943979558E-004
           8          62   1.2300191654434087E-002
           8          63   4.7773563840820333E-004
           8          64  -2.8285884332915677E-005
           8          65  -5.2518614184742645E-012
           8          66  -2.8285590052929373E-005
           8          67   1.2300191749931615E-002
           8          68  -3.0239510645819432E-004
           8          69   4.4686906670117096E-005
           9           1   5.0913822374509125E-013
           9           2   8.2015552895454623E-012
           9           3   9.2322149871004648E-012
           9           4   1.6532208460990562E-011
           9           5  -1.9671175074086048E-013
           9           6   6.1391965399542985E-012
           9           7  -8.2076414791064840E-013
           9           8   3.5812949544576011E-006
           9           9  0.59245470263232625     
           9          10   2.9929866286638892E-007
           9          11   1.1996391514101479E-006
           9          12   2.8585522044527676     
           9          13   1.0025713200759254E-007
           9          14  -3.0881314096056338E-005
           9          15  0.55353521585068644     
           9          16  -2.5808377122514425E-006
           9          17   2.6705038147636091E-005
           9          18  0.70136278325731616     
           9          19   2.2318151856473067E-006
           9          20  -7.7678038533177829E-006
           9          21  -1.0466764950689023     
           9          22  -6.4917810507408770E-007
           9          23  -1.6395168092497663E-006
           9          24  0.30564585423626495     
           9          25  -1.3701842251702503E-007
           9          26  -5.6982581080146124E-012
           9          27  -1.4643845199580402E-013
           9          28  -5.5432453313075159E-012
           9          29  -5.1855394211761127E-013
           9          30  -4.0966971306478265E-013
           9          31  -4.6351712348049044E-012
           9          32  -3.9671352973621470E-012
           9          33  -7.2903298360013097E-013
           9          34  -3.4806512279675226E-012
           9          35   2.8340181830719980E-013
           9          36  -4.4321547608033092E-013
           9          37  -4.5973367706636119E-012
           9          38   3.3021975885845913E-012
           9          39  -8.3246903769524687E-013
           9          40   3.9499933281198087E-012
           9          41   3.6913614865539558E-013
           9          42  -2.5845013496612653E-014
           9          43   2.3774480707996005E-012
           9          44   6.4703772671998449E-013
           9          45   3.5747409696987019E-013
           9          46   9.2909644815234197E-013
           9          47  -1.9760122239283229E-013
           9          48  -3.6498581813149352E-013
           9          49   1.0908074469609288E-012
           9          50  -2.0601882249470203E-003
           9          51 -0.90065322857082541     
           9          52   1.3830248782468997E-003
           9          53  -2.0168381247135536     
           9          54   1.1558384956456596E-004
           9          55   2.0957668825090808E-011
           9          56   1.1558267477418238E-004
           9          57   1.3830244974995375E-003
           9          58 -0.90065322910275436     
           9          59  -1.7217572282510527E-004
           9          60   4.7773563775085329E-004
           9          61   1.2368471571978578E-002
           9          62  -3.0239521588508385E-004
           9          63   3.0561235970480525E-002
           9          64  -2.5272146558814755E-005
           9          65  -4.8362123794385193E-012
           9          66  -2.5271883507981679E-005
           9          67  -3.0239513035333848E-004
           9          68   1.2368471690434620E-002
           9          69   3.9925710539296937E-005
          10           1  -1.6318245541311022E-012
          10           2  -7.7856329290802379E-012
          10           3  -3.4594064517201367E-012
          10           4   1.0580423178917128E-011
          10           5   1.9387688119597922E-011
          10           6  -1.5889922952395181E-011
          10           7   5.5204295459793819E-012
          10           8   3.3499064364010646E-007
          10           9   2.9929866286638892E-007
          10          10  0.59245153090488067     
          10          11   1.1221254596507335E-007
          10          12   1.0025646882209319E-007
          10          13   2.8585511420076171     
          10          14  -2.8886067477580528E-006
          10          15  -2.5808376434785399E-006
          10          16  0.55356256548691840     
          10          17   2.4979618375101455E-006
          10          18   2.2318154255625081E-006
          10          19  0.70133913228694200     
          10          20  -7.2659286229991933E-007
          10          21  -6.4917808814646057E-007
          10          22  -1.0466696156137991     
          10          23  -1.5335811320478464E-007
          10          24  -1.3701858414946263E-007
          10          25  0.30564730625226083     
          10          26  -5.6933163898005128E-013
          10          27  -1.1174948567822115E-012
          10          28  -1.5218300918050573E-013
          10          29  -7.7658049290597830E-013
          10          30   1.2662912937001778E-013
          10          31   5.9670340512880577E-013
          10          32   8.7494568945516994E-012
          10          33  -1.3296264407425012E-012
          10          34   8.5711825998533226E-012
          10          35  -5.6109175872463337E-013
          10          36   5.8682446130477894E-014
          10          37   7.9942993241099965E-012
          10          38   6.5040506357132062E-012
          10          39  -7.2774822929430127E-013
          10          40   6.1039099187419363E-012
          10          41  -2.7441534539578427E-013
          10          42   5.6958845918819615E-015
          10          43   4.9696021037168744E-012
          10          44   1.1759291661330482E-011
          10          45   1.8870017779927812E-013
          10          46   1.2218779359810466E-011
          10          47  -4.9437495611717959E-014
          10          48  -1.8115466232866070E-013
          10          49   1.2654806881640980E-011
          10          50  -1.9270791266855748E-004
          10          51   1.1558328780228964E-004
          10          52   1.2936674188843215E-004
          10          53  -1.7217572234290389E-004
          10          54 -0.90187808665970981     
          10          55   2.1414692315163646E-012
          10          56 -0.90187808677090975     
          10          57   1.2936670597548180E-004
          10          58   1.1558323708078699E-004
          10          59  -2.0150135457299312     
          10          60   4.4686906203646247E-005
          10          61  -2.5272020633914385E-005
          10          62  -2.8285741155156136E-005
          10          63   3.9925710179672958E-005
          10          64   1.2636283981145221E-002
          10          65  -6.0223645368356455E-013
          10          66   1.2636284006709742E-002
          10          67  -2.8285732806023105E-005
          10          68  -2.5272009430226051E-005
          10          69   3.0138135597841849E-002
          11           1   9.6447840840993954E-012
          11           2   1.6039196017226658E-011
          11           3   2.2006228566065171E-011
          11           4   5.6432586203568734E-011
          11           5   1.5817659496904771E-011
          11           6  -4.2212841566737610E-012
          11           7   4.9984405035873540E-012
          11           8   2.8585524753284277     
          11           9   1.1996391514101479E-006
          11          10   1.1221254596507335E-007
          11          11   14.406916756020792     
          11          12   4.0184613755464954E-007
          11          13   3.7586906409944201E-008
          11          14   5.4862031611645614     
          11          15  -1.0344429188976833E-005
          11          16  -9.6760711464983736E-007
          11          17   5.0791366240009035     
          11          18   8.9454852367160676E-006
          11          19   8.3675197054952948E-007
          11          20  -7.8616142689215902     
          11          21  -2.6020092308887451E-006
          11          22  -2.4338931030831798E-007
          11          23   2.2072746640072487     
          11          24  -5.4919512454075882E-007
          11          25  -5.1371151853360272E-008
          11          26  -1.5147947804155534E-011
          11          27  -2.1378555137834258E-013
          11          28  -1.3648475433406742E-011
          11          29  -4.7438398069729433E-013
          11          30  -6.1886251869584835E-016
          11          31  -1.2248480548250406E-011
          11          32  -3.6564944294509919E-012
          11          33  -7.5137443439424911E-013
          11          34  -4.9076214217253221E-012
          11          35   2.8533341219018750E-013
          11          36  -7.7527194048043049E-013
          11          37  -5.8678085171856124E-012
          11          38   1.5604161804757376E-011
          11          39  -6.7793833805543642E-013
          11          40   1.3286746746500420E-011
          11          41   1.7476583704818860E-013
          11          42  -4.2624548123470654E-013
          11          43   1.2459042317613019E-011
          11          44   1.4676506424244383E-011
          11          45   2.5076405741382616E-013
          11          46   1.6584218454999754E-011
          11          47   6.6957209543439591E-014
          11          48  -3.5411888697617917E-013
          11          49   1.5553106350370821E-011
          11          50  -9.1965380303467708     
          11          51   4.6327700390277860E-004
          11          52  -4.1149262138444982     
          11          53  -6.9010887894358549E-004
          11          54   4.3334675741610680E-005
          11          55   8.3013861161314746E-012
          11          56   4.3334227289422169E-005
          11          57  -4.1149262139896505     
          11          58   4.6327680091511075E-004
          11          59  -6.4552082596351350E-005
          11          60  -2.0277695908006144     
          11          61  -1.0129445482275789E-004
          11          62 -0.91034867212577519     
          11          63   1.6002887676072231E-004
          11          64  -9.4750328915990241E-006
          11          65  -2.1538506698206112E-012
          11          66  -9.4749248880182529E-006
          11          67 -0.91034867209074921     
          11          68  -1.0129440707320767E-004
          11          69   1.4968938575485642E-005
          12           1   4.2271481563989726E-012
          12           2   6.0656696927071634E-011
          12           3   6.7058785695666794E-011
          12           4   1.1673646334559320E-010
          12           5  -6.0964413835429552E-012
          12           6   4.2077147511802662E-011
          12           7  -5.0451159623691882E-012
          12           8   1.1996397283554271E-006
          12           9   2.8585522044527676     
          12          10   1.0025646882209319E-007
          12          11   4.0184613755464954E-007
          12          12   14.406916665284689     
          12          13   3.3583032378429546E-008
          12          14  -1.0344426646425098E-005
          12          15   5.4862054969034286     
          12          16  -8.6451295768401239E-007
          12          17   8.9454854406176910E-006
          12          18   5.0791346041382788     
          12          19   7.4759817327471141E-007
          12          20  -2.6020106223327972E-006
          12          21  -7.8616136813951574     
          12          22  -2.1745844126267542E-007
          12          23  -5.4919470631292482E-007
          12          24   2.2072747880133385     
          12          25  -4.5896143818641229E-008
